1.000000000000000000e+00
8.267132048600136507e-01
8.168979518886483326e-01
8.267132048600136507e-01
8.390562087565900384e-01
8.506867108976621239e-01
8.610064179246205152e-01
8.700349036450102380e-01
8.779319679257655551e-01
8.848707453502977494e-01
8.910047603273467676e-01
8.964622229254999297e-01
9.013481016360946896e-01
9.057479525137407395e-01
9.097316599632596645e-01
9.133566024300068253e-01
9.166701957630524200e-01
9.197118956139954671e-01
9.225147637061462680e-01
9.251066931611502397e-01
9.275113705303946743e-01
9.297490351509474227e-01
9.318370822624097993e-01
9.337905452010845098e-01
9.356224835026359932e-01
9.373442973457407623e-01
9.389659839628827775e-01
9.404963480325856384e-01
9.419431753450607792e-01
9.433133769722974460e-01
9.400056881864469194e-01
9.413893977535666702e-01
9.424008714264876518e-01
9.436603394210294482e-01
9.445743631303640253e-01
9.454488368184507108e-01
9.465566387362460699e-01
9.473524960772483627e-01
9.481163329529698203e-01
9.491001167553401174e-01
9.500434591946674834e-01
9.509488937845174128e-01
9.515861847146903640e-01
9.524278666184196052e-01
9.532378237236376339e-01
9.540178806247369137e-01
9.545569561096494127e-01
9.552865729083457325e-01
9.559907949476578182e-01
9.566709722462612975e-01
9.571322806235579295e-01
9.575795069096576517e-01
9.582019906187112523e-01
9.586194980916793451e-01
9.590249104238168787e-01
9.595973377336804999e-01
9.601524495161736228e-01
9.606910467203365611e-01
9.612138807672316876e-01
9.617216573616675923e-01
9.622150399546592903e-01
9.626946528935915737e-01
9.630023541339077786e-01
9.634586386521400980e-01
9.637488969446408316e-01
9.641836500408624833e-01
9.644578679612160199e-01
9.648727012637915434e-01
9.651321344960051007e-01
9.655284979312224181e-01
9.659151191671062620e-01
9.661534759873201539e-01
9.665235969401582139e-01
9.667498348495127125e-01
9.669712451173269052e-01
9.671879867968191657e-01
9.675300820283432301e-01
9.678644760357519861e-01
9.680648520636561116e-01
9.682612101979554131e-01
9.684536749189770477e-01
9.686423655195632865e-01
9.689478783028998565e-01
9.691279248163399140e-01
9.693045603298504620e-01
9.694778847483082052e-01
9.697629365662755463e-01
9.699286167821965510e-01
9.702036516514898068e-01
9.704732690354057612e-01
9.707376323546611507e-01
9.709968984169643491e-01
9.711436908697755888e-01
9.713943519444292463e-01
9.716403256700814062e-01
9.718817463044105986e-01
9.721187429447508688e-01
9.722493989597761344e-01
9.723779361028623835e-01
9.725044075793588538e-01
9.726288647936986997e-01
9.727513574257282691e-01
9.729690208818090325e-01
9.731829471627405637e-01
9.733932345397334762e-01
9.735056381925898394e-01
9.737098105321622121e-01
9.739106022460509715e-01
9.741080990669410689e-01
9.743023838084795551e-01
9.744935364896432084e-01
9.745923487384724471e-01
9.747782569003309305e-01
9.748735242810939727e-01
9.749674660561755690e-01
9.750601108224341562e-01
9.752369564297017623e-01
9.754111111092330644e-01
9.754986039572250967e-01
9.756682632276907352e-01
9.757527576853686213e-01
9.759181113348938119e-01
9.760810466999241264e-01
9.762416179437540809e-01
9.763998776002827951e-01
9.764765115560239961e-01
9.766309243480550961e-01
9.767831642137482229e-01
9.768557586034183338e-01
9.770043880540345560e-01
9.771509719466826560e-01
9.772955533963617603e-01
9.774381742972197973e-01
9.775788753658529728e-01
9.776436221086887146e-01
9.777076164085343191e-01
9.777708718373363528e-01
9.778334016365737291e-01
9.778952187273404206e-01
9.779563357200600215e-01
9.780876869096654103e-01
9.782173634259673234e-01
9.782754678882611410e-01
9.783329334493741092e-01
9.784587365344952214e-01
9.785829775496874827e-01
9.786376589764933520e-01
9.786917562465322629e-01
9.788123931446778281e-01
9.788649035294822998e-01
9.789830892766663295e-01
9.790998627775072682e-01
9.792152498621616852e-01
9.793292757260080306e-01
9.793774488201610895e-01
9.794251363872530369e-01
9.794723460277234839e-01
9.795190851813395660e-01
9.795653611314527609e-01
9.796736810091203340e-01
9.797186635983395897e-01
9.798249371238270111e-01
9.799300223963229861e-01
9.799729641355305887e-01
9.800154969116314785e-01
9.801178677395392391e-01
9.802191201368485318e-01
9.803192727987820598e-01
9.803591724030360499e-01
9.804575280803535797e-01
9.805548335645097868e-01
9.806511060114961875e-01
9.806885587325063769e-01
9.807256760166024323e-01
9.807624625309020461e-01
9.807989228548642524e-01
9.808350614823500013e-01
9.809270625989068293e-01
9.809622571290995685e-01
9.809971464378297590e-01
9.810869832570354721e-01
9.811759158785549051e-01
9.812093134117130244e-01
9.812424282607801196e-01
9.812752641437092471e-01
9.813615881532901097e-01
9.814470654259730420e-01
9.815317086616978104e-01
9.815626202515632670e-01
9.816459109698976171e-01
9.816760453042769896e-01
9.817580197439909062e-01
9.818392142823423319e-01
9.818680938724929641e-01
9.819480267615945390e-01
9.820272104269432978e-01
9.820548941841354962e-01
9.821328677767989790e-01
9.822101211646300234e-01
9.822366645177935673e-01
9.822630053259242544e-01
9.823386509395366506e-01
9.823643499525828160e-01
9.824388755051328692e-01
9.825127320015926147e-01
9.825859286235395507e-01
9.826101652045102774e-01
9.826823012045570183e-01
9.827059547620928814e-01
9.827770560585469273e-01
9.828001432413712157e-01
9.828230650662138634e-01
9.828927717275767195e-01
9.829151489372157657e-01
9.829838798887293727e-01
9.830057277231312174e-01
9.830735060368547273e-01
9.831407107519237742e-01
9.831616871860311413e-01
9.832279743843435060e-01
9.832937079762384958e-01
9.833588950269063211e-01
9.833786994310638185e-01
9.834430143050525430e-01
9.834623568929281578e-01
9.835258193600010523e-01
9.835887653803819797e-01
9.836512013757348072e-01
9.836694655381688079e-01
9.837310901829695586e-01
9.837489317458515403e-01
9.838097629354533025e-01
9.838701114398497038e-01
9.838872480679399235e-01
9.839042773212708370e-01
9.839635731208149494e-01
9.840224060343381041e-01
9.840807815820697968e-01
9.840968641916062465e-01
9.841128488872736835e-01
9.841287365888884420e-01
9.841858505188116890e-01
9.842425291586273106e-01
9.842987775757371383e-01
9.843546007582871793e-01
9.844100036167214851e-01
9.844649909853001590e-01
9.844792450429368236e-01
9.845335775753010221e-01
9.845875073826326762e-01
9.846011983869712436e-01
9.846148119114358499e-01
9.846678743204737572e-01
9.846811792827788734e-01
9.847336256672415411e-01
9.847466295507133482e-01
9.847984721322057267e-01
9.848499418816426543e-01
9.848624328550529272e-01
9.848748561255665779e-01
9.848872122543114171e-01
9.848995017963292353e-01
9.849497481143423272e-01
9.849996408861461106e-01
9.850114480608936907e-01
9.850607869441843079e-01
9.851097824497823119e-01
9.851584382262952300e-01
9.851695831490597799e-01
9.852177078899845286e-01
9.852655025227473606e-01
9.853129705043509601e-01
9.853234852065327898e-01
9.853339473990434527e-01
9.853443574787456027e-01
9.853909477227175140e-01
9.854372250340694972e-01
9.854472213982847784e-01
9.854571690609261747e-01
9.855027826658258050e-01
9.855125068992163229e-01
9.855221843967575390e-01
9.855318154970551525e-01
9.855766118032048828e-01
9.856211152833930234e-01
9.856653288588957951e-01
9.856744122062682800e-01
9.856834533414329247e-01
9.856924525584231933e-01
9.857014101487057145e-01
9.857446906623714700e-01
9.857534481776616397e-01
9.857621657287937156e-01
9.858048571944467708e-01
9.858133803342772339e-01
9.858556488855053646e-01
9.858976518225341934e-01
9.859058346448986709e-01
9.859474261912094528e-01
9.859554255834839243e-01
9.859633900961770614e-01
9.860044325377465002e-01
9.860122186840688530e-01
9.860528660783023369e-01
9.860932644937028257e-01
9.861007365180836093e-01
9.861081770845091521e-01
9.861155863877534289e-01
9.861553270806977523e-01
9.861625700411219553e-01
9.861697829854382258e-01
9.862090173783150115e-01
9.862480173184747789e-01
9.862549378088388830e-01
9.862618302977184115e-01
9.863003405198560447e-01
9.863070776717058896e-01
9.863452344827792206e-01
9.863518194486567969e-01
9.863896284596315178e-01
9.863960643116842508e-01
9.864335310091786324e-01
9.864707804953708470e-01
9.864769504928481147e-01
9.864830970299901525e-01
9.864892202338142457e-01
9.864953202305989377e-01
9.865318849507617172e-01
9.865682413780277882e-01
9.866043913213394800e-01
9.866101250881824658e-01
9.866158379228503472e-01
9.866515599623413291e-01
9.866571413427440707e-01
9.866925533932733305e-01
9.866980058804113440e-01
9.867034390192154225e-01
9.867384387033607540e-01
9.867732446809637237e-01
9.867784468214204630e-01
9.867836310080488893e-01
9.867887973250116795e-01
9.867939458561307831e-01
9.867990766848842021e-01
9.868331754016506085e-01
9.868670890356832093e-01
9.869008191179431400e-01
9.869343671623898029e-01
9.869677346662172335e-01
9.870009231100876912e-01
9.870054439298701077e-01
9.870383595684061317e-01
9.870711000334787544e-01
9.870754181581886666e-01
9.870797230822806467e-01
9.870840148545736437e-01
9.871163047283448844e-01
9.871204920998091215e-01
9.871525220548698076e-01
9.871566069567559998e-01
9.871883806388510596e-01
9.872199892683597433e-01
9.872238859422558521e-01
9.872277715261533748e-01
9.872590433150045808e-01
9.872628319671210573e-01
9.872938579978555174e-01
9.872975514826259902e-01
9.873283351252030160e-01
9.873319351681325573e-01
9.873624797277879006e-01
9.873928697369215302e-01
9.874231063867997538e-01
9.874531908563630722e-01
9.874831243123857183e-01
9.875129079096330864e-01
9.875425427910164977e-01
9.875455750612918138e-01
9.875749856952090733e-01
9.875779348155351300e-01
9.876071241714233784e-01
9.876099916197375039e-01
9.876389626118944332e-01
9.876677915012215259e-01
9.876964793494221739e-01
9.877250272075516202e-01
9.877275963228689948e-01
9.877301607136249606e-01
9.877327203725164706e-01
9.877609163182916596e-01
9.877634009151080585e-01
9.877913912992442036e-01
9.878192474354318131e-01
9.878215895936485191e-01
9.878492444211998125e-01
9.878515150642146470e-01
9.878537822192943185e-01
9.878811715009653271e-01
9.879084313249111293e-01
9.879105626229538473e-01
9.879126910061926115e-01
9.879396920799343729e-01
9.879417528581547758e-01
9.879438109787356259e-01
9.879458664241537180e-01
9.879479191773328228e-01
9.879745392462061515e-01
9.879765263447791712e-01
9.880029608747159520e-01
9.880048834291447202e-01
9.880311346930032990e-01
9.880572656360969708e-01
9.880832770980250146e-01
9.880850153211508946e-01
9.881108485120140283e-01
9.881365644138718762e-01
9.881621638374330496e-01
9.881876475858857312e-01
9.882130164549846052e-01
9.882382712331373442e-01
9.882634127014897629e-01
9.882884416340098621e-01
9.882897181356313787e-01
9.883145800463684072e-01
9.883158020267820421e-01
9.883170247032784239e-01
9.883182480408707615e-01
9.883428364910912256e-01
9.883673166086961448e-01
9.883684333062782157e-01
9.883695510334076229e-01
9.883706697542110620e-01
9.883948841215675074e-01
9.883959515106459648e-01
9.884200085393358703e-01
9.884210254347298719e-01
9.884220436348458705e-01
9.884458941537982435e-01
9.884696418918629268e-01
9.884932875231327021e-01
9.884941559788067433e-01
9.884950262632840046e-01
9.884958983382113873e-01
9.884967721657568207e-01
9.884976477086016011e-01
9.884985249299329535e-01
9.884994037934369260e-01
9.885226056918628990e-01
9.885457097340034638e-01
9.885687165478480587e-01
9.885916267559781145e-01
9.885923170818209371e-01
9.885930097083575063e-01
9.885937045968491432e-01
9.885944017090533276e-01
9.885951010072157041e-01
9.885958024540641986e-01
9.886183400739376737e-01
9.886407846318518988e-01
9.886413975819692279e-01
9.886420129473246776e-01
9.886426306902912353e-01
9.886432507737090702e-01
9.886438731608793162e-01
9.886444978155576324e-01
9.886665839294158653e-01
9.886671670609290530e-01
9.886677525502580721e-01
9.886896623232817038e-01
9.886902070555775301e-01
9.886907542324031573e-01
9.887124902587608455e-01
9.887129974264196042e-01
9.887135071218584592e-01
9.887350719410586963e-01
9.887565507608307991e-01
9.887569797421598139e-01
9.887783319820433459e-01
9.887787227646797072e-01
9.887999497470177923e-01
9.888210929340905953e-01
9.888421528289313978e-01
9.888631299305217226e-01
9.888840247338331890e-01
9.888842191731668230e-01
9.889049932740108240e-01
9.889256863636018968e-01
9.889258071190629718e-01
9.889259316313085968e-01
9.889260598600064789e-01
9.889261917652580891e-01
9.889263273075941107e-01
9.889264664479692213e-01
9.889266091477570964e-01
9.889469573889464460e-01
9.889470663634498671e-01
9.889672996721974307e-01
9.889673754254474369e-01
9.889674548749558536e-01
9.889875379825620039e-01
9.889875847903453199e-01
9.890075556588696637e-01
9.890274510254485341e-01
9.890472713240171521e-01
9.890472150049677280e-01
9.890669255903214996e-01
9.890865622351526776e-01
9.891061253611193038e-01
9.891059690212327116e-01
9.891254248838616814e-01
9.891252388509768068e-01
9.891445884972762670e-01
9.891638663872133197e-01
9.891636176723729301e-01
9.891633735614978606e-01
9.891631340137337913e-01
9.891822413483912779e-01
9.892012784847133977e-01
9.892202458147069111e-01
9.892391437274425936e-01
9.892387787511172093e-01
9.892384186666629553e-01
9.892571838915638072e-01
9.892567969775973857e-01
9.892754625905089139e-01
9.892940606458077157e-01
9.893125915151271821e-01
9.893121161734194091e-01
9.893305495769946223e-01
9.893489167580371557e-01
9.893483856864128123e-01
9.893478599112329741e-01
9.893661011163937813e-01
9.893842772653832496e-01
9.894023887108158721e-01
9.894204358027424151e-01
9.894384188886743425e-01
9.894563383136059098e-01
9.894741944200372563e-01
9.894734690294789692e-01
9.894727494583566152e-01
9.894904858473936304e-01
9.894897438059534478e-01
9.894890075786880734e-01
9.895066257461314629e-01
9.895241824304145117e-01
9.895416779575888500e-01
9.895408644762057060e-01
9.895582718969996305e-01
9.895574371859596763e-01
9.895566084745359703e-01
9.895557857193710838e-01
9.895549688774799568e-01
9.895541579062456794e-01
9.895533527634152726e-01
9.895525534070971352e-01
9.895697131171202754e-01
9.895868141821169139e-01
9.895859678189413700e-01
9.896029844500964234e-01
9.896199432295299525e-01
9.896368444560544875e-01
9.896359264370706565e-01
9.896527449388446973e-01
9.896695066603230506e-01
9.896685440482145824e-01
9.896675875567102487e-01
9.896666371438962440e-01
9.896656927682029314e-01
9.896822982480523168e-01
9.896988482333104464e-01
9.896978604882290531e-01
9.897143308380911275e-01
9.897307464265188148e-01
9.897297162257483460e-01
9.897286922013116550e-01
9.897450053346247278e-01
9.897612645934379394e-01
9.897601990908486691e-01
9.897591398081853065e-01
9.897752984085340655e-01
9.897742218700565919e-01
9.897903041899768217e-01
9.898063339272260563e-01
9.898223113429406306e-01
9.898211718501013223e-01
9.898200386953749375e-01
9.898359186407995614e-01
9.898347691665406733e-01
9.898505751597196367e-01
9.898663300700236700e-01
9.898651422563047309e-01
9.898639608305161985e-01
9.898627857523829565e-01
9.898616169819410837e-01
9.898604544795346349e-01
9.898592982058134204e-01
9.898748705297565342e-01
9.898736986793537085e-01
9.898725330344465556e-01
9.898713735564145244e-01
9.898868315026114750e-01
9.899022404438143630e-01
9.899010443245402913e-01
9.898998544021069268e-01
9.899151722886067040e-01
9.899304419249185250e-01
9.899292161733992401e-01
9.899279966461143054e-01
9.899267833052495247e-01
9.899419427253846049e-01
9.899407149022162455e-01
9.899558064546680747e-01
9.899545643494578329e-01
9.899533284185947357e-01
9.899520986250825993e-01
9.899508749321991319e-01
9.899658385332661403e-01
9.899646007916335089e-01
9.899794981586623743e-01
9.899943496206810023e-01
9.899930782220162095e-01
9.900078643229538455e-01
9.900065794353479776e-01
9.900213006934087678e-01
9.900359769429799561e-01
9.900346594296439706e-01
9.900492716840736396e-01
9.900479412208795793e-01
9.900624899831811376e-01
9.900769946086245277e-01
9.900914553004703800e-01
9.901058722607245510e-01
9.901044728194851041e-01
9.901188277567687379e-01
9.901331394829349097e-01
9.901317096083073199e-01
9.901459601093171026e-01
9.901601679109282017e-01
9.901587082073514123e-01
9.901728555675886057e-01
9.901869607315785249e-01
9.901854717908279424e-01
9.901839893331961795e-01
9.901980171987381230e-01
9.902120034762037504e-01
9.902104924021979393e-01
9.902089878168297554e-01
9.902074896844861307e-01
9.902059979697994674e-01
9.902198736207477037e-01
9.902183710764513869e-01
9.902168749173172468e-01
9.902306756284842137e-01
9.902444359669626550e-01
9.902581561120009646e-01
9.902718362417809450e-01
9.902854765334255793e-01
9.902990771630063582e-01
9.903126383055527171e-01
9.903110315420172727e-01
9.903245370843068995e-01
9.903229206332699874e-01
9.903363709879655641e-01
9.903347449847749173e-01
9.903331255451689463e-01
9.903465051383384399e-01
9.903598463384720718e-01
9.903582016296509360e-01
9.903565634811484220e-01
9.903698349883740537e-01
9.903681876807157725e-01
9.903665468972153718e-01
9.903797493992557710e-01
9.903780995822490940e-01
9.903912491528974460e-01
9.903895904282251639e-01
9.904026874520198698e-01
9.904157474843275910e-01
9.904140648013320947e-01
9.904123886320939096e-01
9.904253816999522009e-01
9.904383382789346824e-01
9.904366386414866774e-01
9.904349455110367240e-01
9.904478361141044740e-01
9.904461346802764243e-01
9.904444397168938874e-01
9.904427511913617144e-01
9.904410690712931453e-01
