0.000000000000000000e+00
5.000000000000000000e-01
6.666666666666666297e-01
7.500000000000000000e-01
8.000000000000000444e-01
8.333333333333333703e-01
8.571428571428570953e-01
7.500000000000000000e-01
6.666666666666666297e-01
5.999999999999999778e-01
6.363636363636363535e-01
6.666666666666666297e-01
6.923076923076922906e-01
6.428571428571429047e-01
6.666666666666666297e-01
6.250000000000000000e-01
5.882352941176470784e-01
5.555555555555555802e-01
5.263157894736841813e-01
5.500000000000000444e-01
5.714285714285713969e-01
5.454545454545454142e-01
5.217391304347825942e-01
5.416666666666666297e-01
5.200000000000000178e-01
5.000000000000000000e-01
5.185185185185184897e-01
5.000000000000000000e-01
4.827586206896551935e-01
5.000000000000000000e-01
4.838709677419354982e-01
5.000000000000000000e-01
4.848484848484848619e-01
5.000000000000000000e-01
4.857142857142857095e-01
4.722222222222222099e-01
4.864864864864865135e-01
4.736842105263157632e-01
4.615384615384615641e-01
4.749999999999999778e-01
4.878048780487804770e-01
5.000000000000000000e-01
4.883720930232557933e-01
5.000000000000000000e-01
5.111111111111110716e-01
5.217391304347825942e-01
5.106382978723403854e-01
5.208333333333333703e-01
5.306122448979592177e-01
5.400000000000000355e-01
5.294117647058823595e-01
5.192307692307692735e-01
5.283018867924528239e-01
5.185185185185184897e-01
5.090909090909090384e-01
5.178571428571429047e-01
5.263157894736841813e-01
5.344827586206896131e-01
5.423728813559322015e-01
5.500000000000000444e-01
5.573770491803278215e-01
5.645161290322581182e-01
5.555555555555555802e-01
5.625000000000000000e-01
5.538461538461538769e-01
5.606060606060605522e-01
5.522388059701492935e-01
5.588235294117647189e-01
5.507246376811594235e-01
5.571428571428571619e-01
5.633802816901408717e-01
5.555555555555555802e-01
5.616438356164383805e-01
5.540540540540540571e-01
5.466666666666666341e-01
5.394736842105263275e-01
5.454545454545454142e-01
5.512820512820513219e-01
5.443037974683544444e-01
5.374999999999999778e-01
5.308641975308642236e-01
5.243902439024390461e-01
5.301204819277108848e-01
5.238095238095238360e-01
5.176470588235294601e-01
5.116279069767442067e-01
5.172413793103448620e-01
5.113636363636363535e-01
5.168539325842697041e-01
5.222222222222222543e-01
5.274725274725274859e-01
5.326086956521739468e-01
5.268817204301075030e-01
5.319148936170212671e-01
5.368421052631578982e-01
5.416666666666666297e-01
5.463917525773195338e-01
5.408163265306122902e-01
5.353535353535353591e-01
5.300000000000000266e-01
5.247524752475247745e-01
5.196078431372549433e-01
5.242718446601941640e-01
5.288461538461538547e-01
5.333333333333333259e-01
5.283018867924528239e-01
5.327102803738317238e-01
5.370370370370370905e-01
5.412844036697247452e-01
5.454545454545454142e-01
5.495495495495495986e-01
5.446428571428570953e-01
5.486725663716813806e-01
5.438596491228070429e-01
5.391304347826086918e-01
5.344827586206896131e-01
5.384615384615384359e-01
5.423728813559322015e-01
5.378151260504201447e-01
5.416666666666666297e-01
5.371900826446280863e-01
5.409836065573770947e-01
5.447154471544715104e-01
5.483870967741935054e-01
5.520000000000000462e-01
5.476190476190476719e-01
5.511811023622047445e-01
5.546875000000000000e-01
5.503875968992247847e-01
5.538461538461538769e-01
5.572519083969466047e-01
5.606060606060605522e-01
5.639097744360902498e-01
5.671641791044775838e-01
5.629629629629629983e-01
5.588235294117647189e-01
5.547445255474452441e-01
5.507246376811594235e-01
5.467625899280575963e-01
5.428571428571428159e-01
5.460992907801418550e-01
5.492957746478873693e-01
5.454545454545454142e-01
5.416666666666666297e-01
5.448275862068965303e-01
5.479452054794520244e-01
5.442176870748299811e-01
5.405405405405405705e-01
5.436241610738254959e-01
5.400000000000000355e-01
5.430463576158940375e-01
5.460526315789473450e-01
5.490196078431373028e-01
5.519480519480519654e-01
5.483870967741935054e-01
5.448717948717948234e-01
5.414012738853503093e-01
5.379746835443037778e-01
5.345911949685534514e-01
5.374999999999999778e-01
5.341614906832298226e-01
5.370370370370370905e-01
5.398773006134969243e-01
5.365853658536585691e-01
5.333333333333333259e-01
5.361445783132530174e-01
5.389221556886227837e-01
5.416666666666666297e-01
5.384615384615384359e-01
5.411764705882352589e-01
5.438596491228070429e-01
5.465116279069767158e-01
5.433526011560693147e-01
5.402298850574712707e-01
5.371428571428571441e-01
5.340909090909090606e-01
5.310734463276836070e-01
5.337078651685392972e-01
5.307262569832402743e-01
5.277777777777777901e-01
5.303867403314916906e-01
5.329670329670329609e-01
5.300546448087432028e-01
5.271739130434782705e-01
5.243243243243242979e-01
5.268817204301075030e-01
5.294117647058823595e-01
5.319148936170212671e-01
5.291005291005290712e-01
5.315789473684210398e-01
5.287958115183245544e-01
5.312500000000000000e-01
5.336787564766839465e-01
5.309278350515463929e-01
5.333333333333333259e-01
5.357142857142856984e-01
5.329949238578680637e-01
5.353535353535353591e-01
5.376884422110552730e-01
5.350000000000000311e-01
5.323383084577114621e-01
5.346534653465346842e-01
5.320197044334975534e-01
5.343137254901960675e-01
5.365853658536585691e-01
5.388349514563106624e-01
5.362318840579710644e-01
5.384615384615384359e-01
5.358851674641148533e-01
5.380952380952380709e-01
5.355450236966824429e-01
5.330188679245283501e-01
5.352112676056337559e-01
5.327102803738317238e-01
5.348837209302325091e-01
5.324074074074074403e-01
5.345622119815668372e-01
5.366972477064220204e-01
5.342465753424657793e-01
5.363636363636363757e-01
5.384615384615384359e-01
5.405405405405405705e-01
5.381165919282511201e-01
5.401785714285713969e-01
5.377777777777777990e-01
5.398230088495574730e-01
5.418502202643171728e-01
5.438596491228070429e-01
5.414847161572052814e-01
5.434782608695651884e-01
5.411255411255411207e-01
5.431034482758620996e-01
5.450643776824034559e-01
5.427350427350426942e-01
5.404255319148936199e-01
5.423728813559322015e-01
5.443037974683544444e-01
5.462184873949579300e-01
5.439330543933054152e-01
5.416666666666666297e-01
5.394190871369294316e-01
5.413223140495867503e-01
5.432098765432098464e-01
5.450819672131147486e-01
5.469387755102040893e-01
5.487804878048780921e-01
5.506072874493926905e-01
5.483870967741935054e-01
5.502008032128513637e-01
5.520000000000000462e-01
5.498007968127489598e-01
5.476190476190476719e-01
5.494071146245059767e-01
5.472440944881890035e-01
5.490196078431373028e-01
5.468750000000000000e-01
5.486381322957198936e-01
5.503875968992247847e-01
5.482625482625482771e-01
5.461538461538461009e-01
5.440613026819923759e-01
5.419847328244274953e-01
5.437262357414448521e-01
5.454545454545454142e-01
5.433962264150943300e-01
5.451127819548872155e-01
5.468164794007490670e-01
5.485074626865671377e-01
5.464684014869888307e-01
5.481481481481481621e-01
5.498154981549815412e-01
5.514705882352941568e-01
5.494505494505494969e-01
5.474452554744525523e-01
5.454545454545454142e-01
5.471014492753623060e-01
5.487364620938628423e-01
5.467625899280575963e-01
5.448028673835125790e-01
5.464285714285713746e-01
5.444839857651245785e-01
5.425531914893616525e-01
5.406360424028268108e-01
5.422535211267606181e-01
5.438596491228070429e-01
5.454545454545454142e-01
5.435540069686410902e-01
5.416666666666666297e-01
5.397923875432526497e-01
5.379310344827585855e-01
5.395189003436425823e-01
5.376712328767123683e-01
5.358361774744027084e-01
5.374149659863945994e-01
5.355932203389830448e-01
5.371621621621621712e-01
5.387205387205387108e-01
5.369127516778523512e-01
5.384615384615384359e-01
5.366666666666666252e-01
5.348837209302325091e-01
5.364238410596026130e-01
5.346534653465346842e-01
5.361842105263158187e-01
5.377049180327868605e-01
5.359477124183006369e-01
5.342019543973941520e-01
5.324675324675324228e-01
5.339805825242718296e-01
5.322580645161290036e-01
5.305466237942122465e-01
5.320512820512820484e-01
5.335463258785942964e-01
5.318471337579617764e-01
5.301587301587301626e-01
5.316455696202531112e-01
5.299684542586751146e-01
5.314465408805031377e-01
5.297805642633228729e-01
5.312500000000000000e-01
5.295950155763239353e-01
5.310559006211179600e-01
5.325077399380805376e-01
5.308641975308642236e-01
5.292307692307692824e-01
5.276073619631901357e-01
5.259938837920489219e-01
5.274390243902439268e-01
5.288753799392097443e-01
5.303030303030302761e-01
5.287009063444109147e-01
5.271084337349397630e-01
5.285285285285284962e-01
5.269461077844311836e-01
5.283582089552238958e-01
5.267857142857143016e-01
5.252225519287834210e-01
5.266272189349112676e-01
5.280235988200590036e-01
5.264705882352941346e-01
5.249266862170087755e-01
5.233918128654970747e-01
5.218658892128279492e-01
5.203488372093023617e-01
5.217391304347825942e-01
5.231213872832369827e-01
5.244956772334293804e-01
5.258620689655172376e-01
5.272206303724927823e-01
5.285714285714285809e-01
5.270655270655271174e-01
5.284090909090909394e-01
5.297450424929178725e-01
5.282485875706214307e-01
5.267605633802816545e-01
5.252808988764045006e-01
5.266106442577030977e-01
5.251396648044692750e-01
5.264623955431755320e-01
5.250000000000000222e-01
5.263157894736841813e-01
5.276243093922652339e-01
5.261707988980716122e-01
5.247252747252747485e-01
5.260273972602739212e-01
5.245901639344262568e-01
5.258855585831062607e-01
5.244565217391304879e-01
5.257452574525744993e-01
5.243243243243242979e-01
5.256064690026953645e-01
5.268817204301075030e-01
5.281501340482573914e-01
5.294117647058823595e-01
5.306666666666666199e-01
5.319148936170212671e-01
5.331564986737400424e-01
5.317460317460317443e-01
5.329815303430078810e-01
5.315789473684210398e-01
5.328083989501312123e-01
5.314136125654450593e-01
5.326370757180156623e-01
5.338541666666666297e-01
5.350649350649350211e-01
5.362694300518134893e-01
5.348837209302325091e-01
5.335051546391752497e-01
5.321336760925450271e-01
5.333333333333333259e-01
5.319693094629156516e-01
5.331632653061224580e-01
5.343511450381679406e-01
5.329949238578680637e-01
5.341772151898733778e-01
5.328282828282828731e-01
5.314861460957178707e-01
5.326633165829145478e-01
5.338345864661654394e-01
5.324999999999999734e-01
5.311720698254364104e-01
5.323383084577114621e-01
5.310173697270471616e-01
5.297029702970297294e-01
5.283950617283950102e-01
5.270935960591133229e-01
5.282555282555282394e-01
5.269607843137255054e-01
5.281173594132029248e-01
5.268292682926829507e-01
5.279805352798053741e-01
5.291262135922329968e-01
5.302663438256658424e-01
5.289855072463768293e-01
5.301204819277108848e-01
5.312500000000000000e-01
5.323741007194244812e-01
5.334928229665071298e-01
5.346062052505966555e-01
5.357142857142856984e-01
5.368171021377672325e-01
5.379146919431279095e-01
5.366430260047281298e-01
5.377358490566037652e-01
5.364705882352941435e-01
5.352112676056337559e-01
5.339578454332553070e-01
5.350467289719625930e-01
5.361305361305361838e-01
5.348837209302325091e-01
5.336426914153131751e-01
5.324074074074074403e-01
5.334872979214780875e-01
5.322580645161290036e-01
5.333333333333333259e-01
5.321100917431192956e-01
5.308924485125857684e-01
5.319634703196347569e-01
5.330296127562642594e-01
5.340909090909090606e-01
5.328798185941042709e-01
5.316742081447963786e-01
5.304740406320541668e-01
5.292792792792793133e-01
5.280898876404493958e-01
5.269058295964125227e-01
5.257270693512304804e-01
5.267857142857143016e-01
5.278396436525611968e-01
5.288888888888888529e-01
5.299334811529933242e-01
5.287610619469026441e-01
5.275938189845474913e-01
5.264317180616739922e-01
5.252747252747252960e-01
5.241228070175438791e-01
5.229759299781181481e-01
5.240174672489082974e-01
5.250544662309367672e-01
5.239130434782608425e-01
5.227765726681128378e-01
5.216450216450216892e-01
5.205183585313174488e-01
5.193965517241379004e-01
5.182795698924731465e-01
5.193133047210299891e-01
5.182012847965739022e-01
5.170940170940171443e-01
5.181236673773986778e-01
5.170212765957447054e-01
5.159235668789808882e-01
5.169491525423728362e-01
5.158562367864693021e-01
5.147679324894515185e-01
5.157894736842105754e-01
5.168067226890756816e-01
5.157232704402515688e-01
5.167364016736402110e-01
5.156576200417536393e-01
5.166666666666667185e-01
5.176715176715176447e-01
5.186721991701245260e-01
5.196687370600413525e-01
5.206611570247934306e-01
5.195876288659794229e-01
5.205761316872428157e-01
5.215605749486652565e-01
5.204918032786884918e-01
5.194274028629857209e-01
5.183673469387755084e-01
5.173116089613034596e-01
5.162601626016259937e-01
5.152129817444218718e-01
5.141700404858299267e-01
5.151515151515151381e-01
5.141129032258064946e-01
5.150905432595573874e-01
5.140562248995983463e-01
5.130260521042083743e-01
5.140000000000000124e-01
5.129740518962075946e-01
5.139442231075697087e-01
5.149105367793240795e-01
5.158730158730159276e-01
5.148514851485148647e-01
5.158102766798419170e-01
5.167652859960552014e-01
5.177165354330708347e-01
5.166994106090373462e-01
5.176470588235294601e-01
5.166340508806261944e-01
5.175781250000000000e-01
5.185185185185184897e-01
5.175097276264591928e-01
5.165048543689320093e-01
5.155038759689922756e-01
5.164410058027079087e-01
5.173745173745173398e-01
5.183044315992292317e-01
5.192307692307692735e-01
5.182341650671784539e-01
5.172413793103448620e-01
5.181644359464626648e-01
5.171755725190839703e-01
5.180952380952380532e-01
5.190114068441065154e-01
5.199240986717267310e-01
5.189393939393939226e-01
5.198487712665406102e-01
5.207547169811320709e-01
5.197740112994350126e-01
5.187969924812030342e-01
5.196998123827392124e-01
5.205992509363296383e-01
5.214953271028037740e-01
5.223880597014924909e-01
5.232774674115455715e-01
5.241635687732342230e-01
5.250463821892393801e-01
5.240740740740740256e-01
5.231053604436228799e-01
5.239852398523985322e-01
5.230202578268876579e-01
5.220588235294117974e-01
5.229357798165137350e-01
5.238095238095238360e-01
5.246800731261426209e-01
5.237226277372263317e-01
5.245901639344262568e-01
5.236363636363636775e-01
5.226860254083484092e-01
5.217391304347825942e-01
5.207956600361663968e-01
5.198555956678699852e-01
5.189189189189189477e-01
5.179856115107913661e-01
5.188509874326749927e-01
5.197132616487455392e-01
5.187835420393559493e-01
5.196428571428571841e-01
5.204991087344028600e-01
5.213523131672598288e-01
5.204262877442273894e-01
5.212765957446808818e-01
5.221238938053097689e-01
5.212014134275618771e-01
5.202821869488536421e-01
5.193661971830986213e-01
5.184534270650263954e-01
5.192982456140350367e-01
5.201401050788091451e-01
5.192307692307692735e-01
5.200698080279232416e-01
5.209059233449477855e-01
5.200000000000000178e-01
5.190972222222222099e-01
5.199306759098787367e-01
5.207612456747404694e-01
5.198618307426597918e-01
5.189655172413792927e-01
5.197934595524956736e-01
5.189003436426117277e-01
5.197255574614064733e-01
5.205479452054794232e-01
5.213675213675214026e-01
5.204778156996586747e-01
5.195911413969335202e-01
5.204081632653061451e-01
5.195246179966044320e-01
5.203389830508474700e-01
5.211505922165821092e-01
5.202702702702702853e-01
5.193929173693085932e-01
5.185185185185184897e-01
5.176470588235294601e-01
5.167785234899329172e-01
5.159128978224455375e-01
5.167224080267558417e-01
5.158597662771285952e-01
5.150000000000000133e-01
5.141430948419301039e-01
5.149501661129568530e-01
5.157545605306799175e-01
5.149006622516556497e-01
5.140495867768595240e-01
5.148514851485148647e-01
5.156507413509060500e-01
5.148026315789473450e-01
5.139573070607553751e-01
5.131147540983606037e-01
5.139116202945990253e-01
5.130718954248365549e-01
5.138662316476345637e-01
5.130293159609120579e-01
5.121951219512195230e-01
5.113636363636363535e-01
5.105348460291734281e-01
5.113268608414239802e-01
5.105008077544426204e-01
5.112903225806451069e-01
5.120772946859903918e-01
5.112540192926045002e-01
5.120385232744782966e-01
5.112179487179486781e-01
5.120000000000000107e-01
5.127795527156550071e-01
5.119617224880382844e-01
5.127388535031847105e-01
5.119236883942765992e-01
5.126984126984126533e-01
5.134706814580031198e-01
5.142405063291138889e-01
5.150078988941547697e-01
5.141955835962145338e-01
5.149606299212597937e-01
5.157232704402515688e-01
5.149136577708006701e-01
5.156739811912225413e-01
5.164319248826291231e-01
5.156250000000000000e-01
5.163806552262090177e-01
5.171339563862927813e-01
5.163297045101088445e-01
5.155279503105589800e-01
5.162790697674418672e-01
5.170278637770897578e-01
5.162287480680062268e-01
5.154320987654320563e-01
5.146379044684129545e-01
5.138461538461538414e-01
5.145929339477726128e-01
5.138036809815951234e-01
5.130168453292496267e-01
5.137614678899082854e-01
5.145038167938931206e-01
5.152439024390244038e-01
5.159817351598173785e-01
5.167173252279635420e-01
5.174506828528072644e-01
5.181818181818181879e-01
5.173978819969742293e-01
5.181268882175226187e-01
5.173453996983409242e-01
5.180722891566265087e-01
5.172932330827068048e-01
5.165165165165165329e-01
5.172413793103448620e-01
5.179640718562874557e-01
5.171898355754858123e-01
5.164179104477611970e-01
5.171385991058121689e-01
5.163690476190476719e-01
5.156017830609211927e-01
5.163204747774480241e-01
5.155555555555555447e-01
5.162721893491124536e-01
5.155096011816838741e-01
5.162241887905604232e-01
5.169366715758468844e-01
5.161764705882353477e-01
5.154185022026431806e-01
5.161290322580645018e-01
5.168374816983895004e-01
5.160818713450292528e-01
5.153284671532846195e-01
5.160349854227405109e-01
5.152838427947598055e-01
5.145348837209302584e-01
5.137880986937590766e-01
5.130434782608696009e-01
