2.500000000000000000e-01
2.509108736309060284e-01
2.934595226257384337e-01
2.866081467408096994e-01
2.988552922932510292e-01
2.982419086249223361e-01
2.968668343042916158e-01
2.897714140551061468e-01
2.814815542274526905e-01
2.705787237678859425e-01
2.781852024678154178e-01
2.888536364172885618e-01
2.899505484005177047e-01
2.827006179034723954e-01
3.000772163550163851e-01
2.918462311093174000e-01
2.875312812682489505e-01
2.801854461586700262e-01
2.782857809354717382e-01
2.821869148773382685e-01
2.829778748747163730e-01
2.778899499401879525e-01
2.725090791090279962e-01
2.776434576916809172e-01
2.749554126251883002e-01
2.721010728194092620e-01
2.718312323716229884e-01
2.687112411609993701e-01
2.658556975129032773e-01
2.658268014215701691e-01
2.637016545826830205e-01
2.696170264596604582e-01
2.639994659821920941e-01
2.651482274158704078e-01
2.607503011033447948e-01
2.553449148141566649e-01
2.557525212587700159e-01
2.527788984902641922e-01
2.507796713616309292e-01
2.534906867080973791e-01
2.534094132436441882e-01
2.538192083693531775e-01
2.531567487579382547e-01
2.625986102194466931e-01
2.623330662745747555e-01
2.650261109052126085e-01
2.623166535986619641e-01
2.646990581732707737e-01
2.667130221096506992e-01
2.687624873700912298e-01
2.670525343808340946e-01
2.662719280525566723e-01
2.665722975656250049e-01
2.662594373699196937e-01
2.651470031361892188e-01
2.656848505987118303e-01
2.679271110416018842e-01
2.691561191783318763e-01
2.709289730477478231e-01
2.740920895645582722e-01
2.751601683221145955e-01
2.767095587272801471e-01
2.758674349889057020e-01
2.767455546387270759e-01
2.751376413690396761e-01
2.758986945892471510e-01
2.744338594583568547e-01
2.753617599791508552e-01
2.744994846153798740e-01
2.746864716305177923e-01
2.758192797193476653e-01
2.747474409912800675e-01
2.749878932338743476e-01
2.741511230149102363e-01
2.733933169336975055e-01
2.727258622378530561e-01
2.727408413347784388e-01
2.728457215957266757e-01
2.725516869447392465e-01
2.714454087689739947e-01
2.706948863711775566e-01
2.695919307282051980e-01
2.694556688146891865e-01
2.691125546415829572e-01
2.684985015925416829e-01
2.680791517233955257e-01
2.679031963717327103e-01
2.667470073568852795e-01
2.669001431208056774e-01
2.674664162407681123e-01
2.676030828022757935e-01
2.676491492270981487e-01
2.665649815828438629e-01
2.666181894203665803e-01
2.668682512175338806e-01
2.674422929135680249e-01
2.686658661988773900e-01
2.682291026285285040e-01
2.676104440373454629e-01
2.669676022780042568e-01
2.659102918424656181e-01
2.650793418835665216e-01
2.663863339429102806e-01
2.663845345458573100e-01
2.664654236735776727e-01
2.655665363149259939e-01
2.655604622697612105e-01
2.666512622377106845e-01
2.669608166925500625e-01
2.669283534458765650e-01
2.673199026734925932e-01
2.669783554794888936e-01
2.670295999471111736e-01
2.659406609697888002e-01
2.651101536413867366e-01
2.641233096917911527e-01
2.648862103021949466e-01
2.652966994971787673e-01
2.642139931102964190e-01
2.642328899165232170e-01
2.639964402278900946e-01
2.639357654321007329e-01
2.649960647756396948e-01
2.650829797439515079e-01
2.654562073738515049e-01
2.653080600713565995e-01
2.659124184892222575e-01
2.665155004317021348e-01
2.657093646882271454e-01
2.659686862668683704e-01
2.666615371299871917e-01
2.670935082466173172e-01
2.681411665890788276e-01
2.682147925625569251e-01
2.673978352006431414e-01
2.668978242360665609e-01
2.666866058324706135e-01
2.665096002364987227e-01
2.660473903643218452e-01
2.651620043815821059e-01
2.658993268179840608e-01
2.663956211369495342e-01
2.656333146272238377e-01
2.649803424493249460e-01
2.653767887928065172e-01
2.671460854409060115e-01
2.664587738839516162e-01
2.657593187255901657e-01
2.662005893581962379e-01
2.653406922193809470e-01
2.656734188018990972e-01
2.665040945830904340e-01
2.674638347951855954e-01
2.679657523505128980e-01
2.675662412423034375e-01
2.673101508781892122e-01
2.667558055852055077e-01
2.658757724672120015e-01
2.656379749114108346e-01
2.671414486005802558e-01
2.668553692852196346e-01
2.668918035065503402e-01
2.677724520480483927e-01
2.673669150829068308e-01
2.666041841970156479e-01
2.667960777677428341e-01
2.676249840440758088e-01
2.681758808027446817e-01
2.680053875648817918e-01
2.688420804788413943e-01
2.688152090001193484e-01
2.694524071793177322e-01
2.692836051297274325e-01
2.684863398671177293e-01
2.678660282933569836e-01
2.674968139384363841e-01
2.671178675132956926e-01
2.678253449933429842e-01
2.671973400796024412e-01
2.664824638555301495e-01
2.675419829635940494e-01
2.681551570120694339e-01
2.677946526544168204e-01
2.676661517032216109e-01
2.674991213674480228e-01
2.680461708396684184e-01
2.685463735625987503e-01
2.684937965306699592e-01
2.683420247791460933e-01
2.687741093409348747e-01
2.683406312327946130e-01
2.687333158083691775e-01
2.688971103876429125e-01
2.682733854248441352e-01
2.686636549262526041e-01
2.689463586746985713e-01
2.681733342757643412e-01
2.684223149256551588e-01
2.688833336611636815e-01
2.685313775908412248e-01
2.678863638540163183e-01
2.678565205063989096e-01
2.675491578340296606e-01
2.675620542398106649e-01
2.677421810126250912e-01
2.682718229896101647e-01
2.680807432664476520e-01
2.679978022856491227e-01
2.675558025471911350e-01
2.683186510821196080e-01
2.681133500873378872e-01
2.671843657651196691e-01
2.671891406348446130e-01
2.667948531888918451e-01
2.672576848260471150e-01
2.670847444017248606e-01
2.671974601854949505e-01
2.675176945226083181e-01
2.672398521274784722e-01
2.671734707098406547e-01
2.673447585307651142e-01
2.676958276131408132e-01
2.673716797546309420e-01
2.673284557414214446e-01
2.667751245883795419e-01
2.670400137429924103e-01
2.674728642481773999e-01
2.680707599064790503e-01
2.678520890559060730e-01
2.678406559360319572e-01
2.675352237430501656e-01
2.676760152487124844e-01
2.680890684360802134e-01
2.676285795934594813e-01
2.670383483809734004e-01
2.677328678511985416e-01
2.678041275235072960e-01
2.678439197370581781e-01
2.674721789209230649e-01
2.672754017161078632e-01
2.668337547504196494e-01
2.669120325998448062e-01
2.669397196138832418e-01
2.671652066459275776e-01
2.675239956543715159e-01
2.675048865435373235e-01
2.674968563956134360e-01
2.670511402607906870e-01
2.672004144068166331e-01
2.674312409632874643e-01
2.670895010478633314e-01
2.665108112393556050e-01
2.666731403824801894e-01
2.662500385980342554e-01
2.662206710891201755e-01
2.661475545270811649e-01
2.662074169633480980e-01
2.662098422501065764e-01
2.660168069244851496e-01
2.657110150105506108e-01
2.654159786578985658e-01
2.652598941168376467e-01
2.658814954816327569e-01
2.663213672290711820e-01
2.661073641017561164e-01
2.662366827233080269e-01
2.665802426542187020e-01
2.670115351112484769e-01
2.668317985394536018e-01
2.669259439153288671e-01
2.671659752860476855e-01
2.672338113661026360e-01
2.669441825264516899e-01
2.665144203476189633e-01
2.662958040104853041e-01
2.663575156320689974e-01
2.668022531826374499e-01
2.665715803885267965e-01
2.660801260299240911e-01
2.662694989546874891e-01
2.661458285944249269e-01
2.660638468785180288e-01
2.655069107436889286e-01
2.656364991597443548e-01
2.656650277687322981e-01
2.666442337985328037e-01
2.660588962219661568e-01
2.653415483365756389e-01
2.648512404646014562e-01
2.641111473617412941e-01
2.647365455385872202e-01
2.642341302233821576e-01
2.637816638406152991e-01
2.649345054516402120e-01
2.642943109077307007e-01
2.649751140949690442e-01
2.656843785736211494e-01
2.654232392600891499e-01
2.660137761143858692e-01
2.657149936451329020e-01
2.654126136872082542e-01
2.655545265969448954e-01
2.652084637660152566e-01
2.652544837764684860e-01
2.652859693345086534e-01
2.647801393546226900e-01
2.645303135317728094e-01
2.643030303554602112e-01
2.645564723245134586e-01
2.641114031140917584e-01
2.638008690592453798e-01
2.640807204810714515e-01
2.645783480944124411e-01
2.639813201771576412e-01
2.633671576028943639e-01
2.638067106383623073e-01
2.634234237612036456e-01
2.635606088564212968e-01
2.632410156004753587e-01
2.635277709524969647e-01
2.631381457492842912e-01
2.632793342212922383e-01
2.634370780515462029e-01
2.631489496566815633e-01
2.628717495857869624e-01
2.625891707724785640e-01
2.623793581062850988e-01
2.623615570194282043e-01
2.624917424034911018e-01
2.626561075798596878e-01
2.623577719180926193e-01
2.618872451762520037e-01
2.625521427049628542e-01
2.623479087598578618e-01
2.627667129451470851e-01
2.623977492823178492e-01
2.619598198424833435e-01
2.627724402816267180e-01
2.633674274629135281e-01
2.629386829977835016e-01
2.628785200001526601e-01
2.624415413975477174e-01
2.622573232190166803e-01
2.618966818749468572e-01
2.621015526077471458e-01
2.628847325999953410e-01
2.630501280390030172e-01
2.635040853819453632e-01
2.635206717534777088e-01
2.635148464563937809e-01
2.632839251243118128e-01
2.633288438868026660e-01
2.639018546389139130e-01
2.638465584778875717e-01
2.637394214547761906e-01
2.634838824970390236e-01
2.640026673091062093e-01
2.637300621551071922e-01
2.642548622933202362e-01
2.639435894271949801e-01
2.641904644526756329e-01
2.645033784281070610e-01
2.640831568760322878e-01
2.637221992342232979e-01
2.639722272953343718e-01
2.639271688222059598e-01
2.639858220535594713e-01
2.637742411128272679e-01
2.637480457827143798e-01
2.636597473716986717e-01
2.640949351525792577e-01
2.644447016068047218e-01
2.645469251562377888e-01
2.647481241988596246e-01
2.648006821670381705e-01
2.651215751274095811e-01
2.652053929547439903e-01
2.649590836153593587e-01
2.650327215171462969e-01
2.648807070959382504e-01
2.652522300357821328e-01
2.649460499051353168e-01
2.649225119220037783e-01
2.655306884308213378e-01
2.660217393679229492e-01
2.659847172590599218e-01
2.658572541093556230e-01
2.657156654665637774e-01
2.654979188744077123e-01
2.657427630165269949e-01
2.654782219896212880e-01
2.654850603239014561e-01
2.655404999480305284e-01
2.654045409643028819e-01
2.654144329908746380e-01
2.651198427270149982e-01
2.649578983212740879e-01
2.649922298868657156e-01
2.649685291979249624e-01
2.647213616658074531e-01
2.646451768793600667e-01
2.646669755361113485e-01
2.644857591986271572e-01
2.644054986374308469e-01
2.642654064773179989e-01
2.639490009926816483e-01
2.647089503797326326e-01
2.646081454658389953e-01
2.648340669770687383e-01
2.646759247997391151e-01
2.648995937412814139e-01
2.649098699841243576e-01
2.653124454784002162e-01
2.651063972764245991e-01
2.651589528029684173e-01
2.652713966319354411e-01
2.652708577547551183e-01
2.653252103231101833e-01
2.655751074672608736e-01
2.658877943409477806e-01
2.665774677215242416e-01
2.668132826191435547e-01
2.667294341577712280e-01
2.668819180687779791e-01
2.667951358209177393e-01
2.665889677342889730e-01
2.664638558678434355e-01
2.669101433667760981e-01
2.670636848920421302e-01
2.669226077053277191e-01
2.668277859131960583e-01
2.664778145553174382e-01
2.669565720587059876e-01
2.668805659984657686e-01
2.673574352678653732e-01
2.671406522028282882e-01
2.669280277696215453e-01
2.669640864419758897e-01
2.671257836822860665e-01
2.671398411424834585e-01
2.667877928705346680e-01
2.666031078027964463e-01
2.663089516862188755e-01
2.662593608428384107e-01
2.661748793774582622e-01
2.660707557812385660e-01
2.655852394716575193e-01
2.661182205367076947e-01
2.662740541510750791e-01
2.664448760308528175e-01
2.664970692095844362e-01
2.661308218076253729e-01
2.656818503416063515e-01
2.655943995646083966e-01
2.651279892389187265e-01
2.649858387914057478e-01
2.646316314578047724e-01
2.651853326553570978e-01
2.654922482881838519e-01
2.652949435060656946e-01
2.652028848987392773e-01
2.649513052347631237e-01
2.648059879895210411e-01
2.646193254827906571e-01
2.644938975314384821e-01
2.654795523967202198e-01
2.653808686585155119e-01
2.652508008653219340e-01
2.657781718955182226e-01
2.656144865642702801e-01
2.655142347853311491e-01
2.656090963152488160e-01
2.653027059166260804e-01
2.651896834747607401e-01
2.657075303309734404e-01
2.662244415784174034e-01
2.660885876063360245e-01
2.661260706812347832e-01
2.657158379272600568e-01
2.658933521394844512e-01
2.658868541696232102e-01
2.659267500056332612e-01
2.664023332852558101e-01
2.665670201007239171e-01
2.665015440954167092e-01
2.666863619885096459e-01
2.666532468390970245e-01
2.664056818914291580e-01
2.662184676996431909e-01
2.661019482556082894e-01
2.658520535015430619e-01
2.656056444552458706e-01
2.653730429296977111e-01
2.650761035675467392e-01
2.653921650736896232e-01
2.650714313085037466e-01
2.651618753317206423e-01
2.648448470302973701e-01
2.647422869351113150e-01
2.653244157243524470e-01
2.651313527241156431e-01
2.652263366218132190e-01
2.655619553981445335e-01
2.658069940630140016e-01
2.654881777390346032e-01
2.654987097536958829e-01
2.655816129766384592e-01
2.656256485079223628e-01
2.655672378855946647e-01
2.658547723552674991e-01
2.655506964276329596e-01
2.655293699623605397e-01
2.658941906484720286e-01
2.657430839684422064e-01
2.656640803511848836e-01
2.654131225334801503e-01
2.661763169422020070e-01
2.669414388090771695e-01
2.669760550872342098e-01
2.670157033150499237e-01
2.669781018574782783e-01
2.668271939702521744e-01
2.668751941538149985e-01
2.665389584425658653e-01
2.666012425156070731e-01
2.666791643838134496e-01
2.668478737607956619e-01
2.665579009943290778e-01
2.666093942777750248e-01
2.667651491848892498e-01
2.665742848208990656e-01
2.665249042701877680e-01
2.665799569525835744e-01
2.665496547611219125e-01
2.665578645437408634e-01
2.667448426930484895e-01
2.668115347631811463e-01
2.668557757030175503e-01
2.670306210359743582e-01
2.669606447536813643e-01
2.668125054989490264e-01
2.667827371187392327e-01
2.666726567548626803e-01
2.665095311282621449e-01
2.666212785526914097e-01
2.666162242811938032e-01
2.666642730437199238e-01
2.665163652033729624e-01
2.665025851134480428e-01
2.662309265365834787e-01
2.660202474568980069e-01
2.659642503044806761e-01
2.656589989673755481e-01
2.654288683312045483e-01
2.651298017911472016e-01
2.648673133470373364e-01
2.650990580775051120e-01
2.654367751486639282e-01
2.652490121661871258e-01
2.655275787119480424e-01
2.655640205285291766e-01
2.657430466238701605e-01
2.655075267937377914e-01
2.656527802317896203e-01
2.661597990299250371e-01
2.660861275771908563e-01
2.658437396099397887e-01
2.657103831640714175e-01
2.656664710725318290e-01
2.657169218478376838e-01
2.662679475252707761e-01
2.660323177882808476e-01
2.660087716452610440e-01
2.660678690708895844e-01
2.657699373813375288e-01
2.655809960679946236e-01
2.657832030712060090e-01
2.659654666283498003e-01
2.658393210124783135e-01
2.656084856973954800e-01
2.657027581956848405e-01
2.654613556363080717e-01
2.654823923481136050e-01
2.659094525494298811e-01
2.660392039012760557e-01
2.658264552437110684e-01
2.657751189243413581e-01
2.662795516325971446e-01
2.661653680038358893e-01
2.663715297294122486e-01
2.666893745298124507e-01
2.665315226827269512e-01
2.662218000416334274e-01
2.660798924951333633e-01
2.660079922903823002e-01
2.657448098997151620e-01
2.653649251691488908e-01
2.653987266825968416e-01
2.651109817097823673e-01
2.649902564560526752e-01
2.648898763619707553e-01
2.649103159468608748e-01
2.651920629440056576e-01
2.650523804818635809e-01
2.648348893335964460e-01
2.648821010572038337e-01
2.651589786197023901e-01
2.648548569364094218e-01
2.647449762885869529e-01
2.646468278074777247e-01
2.650288063791727544e-01
2.649211904487984159e-01
2.653340127218495326e-01
2.651968366189618731e-01
2.649213297314873539e-01
2.648382188294611805e-01
2.646142151131413156e-01
2.645944713329961839e-01
2.644714001467471931e-01
2.646837878838231295e-01
2.648361239168267600e-01
2.647406743992415379e-01
2.649887140023912679e-01
2.648080167878175684e-01
2.652114794704031331e-01
2.656075576166432306e-01
2.654514146879325964e-01
2.654817668581727630e-01
2.651990977009171524e-01
2.653808065912355296e-01
2.655077653685304351e-01
2.655177501453029887e-01
2.657160149799768223e-01
2.654483199678298599e-01
2.660583182555950055e-01
2.663414204259452189e-01
2.661913592210479185e-01
2.666278779027803636e-01
2.668378411016462115e-01
2.667448126894875204e-01
2.670538330218311662e-01
2.677942640308718092e-01
2.675597629087065332e-01
2.673012892813305119e-01
2.675679263795534002e-01
2.677776474793749917e-01
2.677033303861308111e-01
2.676272117653212268e-01
2.674757939908040116e-01
2.673966749087615669e-01
2.674104926285304495e-01
2.673600662142807671e-01
2.673020857220022584e-01
2.676907531259277162e-01
2.677505028180625080e-01
2.679989642635549063e-01
2.681487140561103488e-01
2.682729213167908133e-01
2.684919386596905655e-01
2.685250160524456642e-01
2.684292189092982728e-01
2.686230556228162425e-01
2.684661683305510360e-01
2.686801052279815250e-01
2.685703774840165203e-01
2.684745634865043362e-01
2.684520649053281360e-01
2.686259192503844817e-01
2.684755016772974456e-01
2.682103092867368366e-01
2.682935639327904687e-01
2.680673126140523665e-01
2.678016953245259679e-01
2.680036143066208409e-01
2.678676698791467858e-01
2.681366983244093394e-01
2.680662360290759771e-01
2.680451475608185419e-01
2.681140315335083235e-01
2.678152985490403482e-01
2.677475992085133760e-01
2.678593810559994903e-01
2.679257366691760733e-01
2.678399333073580024e-01
2.675619406282083168e-01
2.675657098501074138e-01
2.674408922483690887e-01
2.672777164115587301e-01
2.671869157456263633e-01
2.669162562934271343e-01
