5.000000000000000000e-01
4.981815594641703093e-01
6.152697137153779749e-01
5.158042449282707054e-01
4.102170954469632758e-01
5.433000922908800545e-01
4.627697063823488222e-01
5.099964568385167984e-01
5.361436907767392901e-01
5.847250914974697622e-01
5.951890367497626455e-01
6.373432433638041017e-01
4.494425623068313835e-01
5.658899662045538959e-01
7.371225099511155010e-01
5.896569088874130671e-01
5.325686319777483968e-01
3.940891387691726200e-01
4.940564815058118286e-01
4.030842104845925311e-01
4.533766609242902978e-01
4.135740880605219827e-01
6.074061630342263429e-01
6.290740537430375978e-01
4.587399383412829601e-01
5.519569466279679038e-01
4.853978422808736259e-01
5.704985698811210204e-01
4.311617740085653128e-01
5.147706428817689916e-01
5.528453853351517067e-01
3.269520413477511878e-01
7.097629749614926542e-01
4.494935470612036466e-01
6.665021642087091136e-01
7.427911457733761269e-01
4.799746609396312036e-01
6.221708639403945584e-01
5.818982893199700079e-01
5.993498854761600825e-01
5.001584495592540369e-01
4.797877274386724289e-01
5.253069991262643290e-01
8.176788202370836034e-01
5.006487118731154373e-01
3.785395271749653623e-01
3.710547365245901452e-01
3.862638407427134157e-01
3.971871840646664653e-01
6.076070153739812074e-01
5.739074221275622945e-01
5.241208080716213136e-01
5.312170105005847853e-01
4.996777431480587395e-01
5.471473147758244560e-01
5.433842664610872841e-01
6.272907586147289383e-01
4.175829819004739929e-01
6.113546413284786096e-01
6.787606087983991676e-01
5.824473313317645173e-01
3.907197907018665206e-01
5.270774236625106468e-01
4.237473708715248089e-01
4.150074603052866240e-01
5.704096369301036029e-01
4.216097019988944705e-01
5.809742635197802096e-01
5.353875164408993248e-01
5.362728556201911134e-01
5.959159722120546121e-01
4.456982065237372614e-01
5.406481801510670815e-01
5.384083005181640180e-01
5.338287150371016088e-01
5.281242112064681304e-01
5.233347424938519232e-01
5.300202842238609380e-01
5.003831626458943305e-01
4.290098284229885151e-01
5.410303991030972481e-01
4.245615663804745421e-01
4.917852895612179198e-01
5.094553248951054769e-01
5.342553859967085206e-01
4.821145225420757630e-01
5.027633997505508434e-01
4.076255181722025500e-01
5.295055149342635659e-01
5.637949307305117896e-01
5.290586671986097222e-01
4.786160782245640899e-01
5.915620508431573832e-01
5.211204451084024969e-01
5.388636749227607714e-01
5.674295145979064703e-01
3.786072887548704857e-01
4.752504984791572906e-01
5.450473627932128640e-01
4.509171410616625852e-01
4.002239976420686185e-01
4.256211884231813070e-01
6.322179402674116266e-01
4.840550449423851043e-01
5.242879866604763794e-01
4.137431131227420344e-01
5.147005085312167383e-01
6.191662610384269794e-01
4.519190773113838655e-01
4.867847824172927829e-01
5.571268416718506700e-01
4.786090439440964794e-01
5.222728983211832876e-01
3.780086725623612032e-01
4.128344925070480675e-01
3.881188677303641366e-01
5.944599911760548583e-01
4.402465405999870240e-01
6.306023288403436178e-01
4.837814320876144270e-01
4.854095977542197682e-01
5.065511969599855169e-01
3.720250126896869625e-01
5.251414293752723061e-01
4.416663779768848497e-01
4.967792741847198434e-01
4.151396926271269661e-01
4.142467182109417778e-01
4.031426416585449646e-01
5.471939052215313293e-01
5.972705830152900131e-01
4.310696663692728525e-01
6.375202489286122542e-01
4.727362642518033731e-01
3.973984759711509662e-01
4.465381775595719804e-01
5.121876355160410732e-01
5.078010223615382346e-01
4.497359536482619657e-01
3.769527195561211408e-01
6.075561438371470668e-01
4.200231727809484172e-01
6.032812201997849177e-01
4.142527260136955602e-01
5.678600727768731149e-01
2.763328807971593970e-01
4.075675239375729508e-01
5.963424589501014061e-01
4.242321275167457717e-01
3.704268059089514953e-01
4.382327829255075469e-01
3.739519686613571592e-01
6.429186161822095791e-01
5.871619353428756405e-01
4.539179778088197614e-01
4.770913376288418717e-01
4.245914976536278584e-01
3.573661608801810829e-01
4.775625206136062118e-01
2.885270453639725008e-01
4.701942990163895941e-01
5.222621115309804551e-01
3.593460249317641519e-01
4.486249990413357369e-01
3.761865480195374367e-01
5.463135701570374092e-01
6.365716188421852717e-01
6.001463484021501982e-01
5.107531056778026324e-01
6.405022895650070991e-01
5.140496645435825851e-01
6.151530669859673894e-01
4.901526829470517765e-01
3.613301114433062344e-01
6.000852410087955668e-01
4.504267996326857260e-01
4.476866054379092796e-01
3.730639115813154660e-01
3.942238773004330676e-01
3.721822399666393499e-01
3.230543430857265585e-01
3.842568231915804988e-01
5.503525163401502551e-01
5.058841455341741566e-01
5.134144067226059649e-01
3.923402899644871655e-01
3.986813822708953348e-01
4.914118645111934525e-01
4.897029053341002136e-01
5.919781174325796647e-01
5.687462571917326626e-01
5.862900900945889893e-01
4.519619816032938164e-01
3.845704975744909659e-01
4.131644709124259740e-01
5.692746170537231754e-01
6.584439254168402700e-01
5.634460958726561497e-01
6.001375203166875449e-01
4.455245443257488391e-01
6.273290774838624628e-01
4.882793656346298694e-01
4.532790509338023854e-01
5.197884421698486523e-01
5.518043518012191173e-01
3.861201841797174406e-01
5.217549578981734992e-01
5.008283331245876324e-01
4.190702291357892850e-01
3.459709525700089827e-01
4.743417978453577377e-01
2.667745748325439648e-01
4.821183407220155925e-01
5.724352362495718216e-01
6.052302497209518517e-01
5.205184537727874927e-01
4.600517900022050855e-01
4.194756286974572479e-01
4.546099536846660571e-01
5.026290284565275712e-01
5.522934719278741467e-01
5.876070922122856865e-01
4.420530004031625881e-01
4.923687354036335173e-01
3.779271706387226648e-01
4.284756579716912928e-01
3.956018874781511707e-01
6.354471451985238550e-01
4.668994914596357182e-01
5.149975451250864422e-01
5.558313165505287534e-01
4.520959453912504755e-01
3.967443262551147432e-01
5.995818694629022616e-01
3.590602242789333043e-01
6.564639695779982409e-01
5.334992129219786605e-01
4.734312254333591374e-01
4.230813925012195109e-01
5.306966335457649064e-01
5.989532658339582483e-01
4.654188608720684628e-01
4.768939141902640011e-01
4.325860810372311738e-01
5.958762570489755106e-01
4.873371923094556579e-01
4.847122745432968505e-01
6.038191638158473262e-01
4.484382150463542271e-01
4.299938127313607805e-01
5.737905184163240024e-01
6.517764090359384754e-01
5.545990303362307028e-01
3.990053723112217954e-01
5.086858793252876376e-01
4.974965640154028756e-01
5.305960805054034113e-01
4.834410576255477321e-01
4.649878416842260220e-01
4.318690881523180036e-01
5.655963547938823721e-01
4.738373443492376880e-01
6.547832107331085227e-01
6.180676636140928215e-01
4.578324349481781019e-01
5.481843826985269841e-01
5.983035887210118586e-01
3.818037357455199010e-01
5.323864872585105656e-01
5.406024879944536510e-01
5.761722358636537367e-01
4.655681623808459735e-01
4.337800573348148392e-01
3.862503663768873663e-01
5.456929148297682275e-01
5.322858363394405989e-01
3.758607389856455372e-01
4.501946428155789715e-01
3.597996864067263267e-01
5.648933925650787558e-01
5.188366932933079489e-01
5.070223283872985487e-01
3.293188739229425122e-01
5.498272646053791179e-01
4.767723700708232926e-01
2.612727483761907998e-01
3.140897154061320640e-01
2.438497595436611987e-01
6.483715407762982164e-01
7.758923458800389694e-01
3.320913110133135171e-01
6.564432019320270983e-01
3.628518707030025103e-01
2.236514330006448281e-01
2.758208023306675249e-01
6.825042522433675263e-01
6.896569177893099312e-01
4.334338047973198549e-01
3.351738883777171107e-01
4.199750413280597394e-01
4.179696475939504996e-01
5.552209582028398982e-01
4.008709129199367061e-01
5.283924175684066027e-01
5.242686133831836459e-01
3.324184042579521048e-01
4.336860751046806572e-01
4.410522590662934728e-01
4.146653958692177455e-01
3.557878821626301868e-01
4.093107768638216681e-01
5.925491647694732800e-01
3.520508017932302836e-01
2.776897226697375154e-01
2.655562262200537038e-01
6.342443667946643382e-01
3.772330454494290941e-01
4.458806229336286786e-01
4.020079106307100081e-01
4.041789461193977528e-01
3.720995575396703337e-01
4.444814730939629088e-01
5.605627452777360853e-01
4.124117822218712481e-01
4.160035175523475459e-01
4.132203485396883091e-01
4.404320934346525607e-01
5.064983727685522519e-01
4.475576515362729713e-01
4.372102962872035925e-01
4.048542991434856408e-01
3.257957851584425413e-01
3.048035369501913006e-01
4.408378443826020954e-01
6.345449636012735484e-01
3.725519054232998561e-01
3.388444009543121749e-01
7.325472873971600185e-01
3.184773703406095779e-01
3.429202667074403577e-01
4.923648045968219700e-01
3.367964339319281519e-01
4.463795539240070775e-01
3.717481686020984721e-01
4.233050332359002965e-01
2.698754695768506018e-01
4.340698365207383835e-01
3.511338478677347719e-01
5.189342242006530492e-01
4.886470712178239140e-01
4.271550759333569425e-01
5.282947373588663398e-01
3.176499143532878211e-01
4.942944604540762121e-01
4.751977643816773789e-01
4.156531637078640928e-01
3.301566896616670022e-01
4.079338453444029677e-01
3.275914100983158828e-01
3.901238655712265802e-01
4.058068717784499291e-01
6.143820664365597928e-01
3.346086595188032531e-01
3.642726660862157795e-01
4.041959705240671941e-01
4.974744477160076839e-01
4.657220716434727348e-01
5.685790502721197459e-01
5.040914245463311572e-01
5.192946498041617343e-01
6.520079862075420785e-01
6.278599016695102231e-01
5.500673463725480605e-01
4.170803081926234834e-01
4.666545563466412139e-01
6.208513793708496653e-01
4.552790659130995787e-01
4.148499278863945761e-01
5.411726604260417295e-01
5.447338784204363016e-01
6.375193700402043140e-01
3.850862502462334969e-01
5.058962367578357933e-01
2.939813803390496361e-01
6.742294114134713690e-01
5.017282186072271610e-01
5.345362760391390022e-01
4.592612118458448411e-01
4.254553338693058961e-01
3.991779512193758817e-01
5.971262958489477191e-01
4.821594366724147318e-01
4.640216118101191944e-01
4.604048874190370122e-01
5.189526871114095163e-01
3.856898864404895710e-01
4.481382751426734035e-01
5.278464373534831333e-01
4.944946538368785727e-01
5.924444622497121449e-01
4.839124531363067638e-01
5.228845349533384201e-01
4.377633967453033459e-01
5.182734256081318325e-01
4.557062362879409911e-01
3.685170005779144220e-01
2.428683063545398202e-01
5.271569546761614156e-01
4.024968254822401947e-01
4.472088709674179596e-01
5.971631768399725537e-01
5.187806914222685695e-01
6.566380655429958635e-01
4.242740739905168090e-01
4.643537167195843085e-01
5.585119386845941447e-01
5.148268493850671756e-01
5.366472130992326894e-01
6.083026497741443883e-01
6.300028527044682081e-01
2.541848167517512525e-01
6.050548359585982139e-01
5.190162336849080127e-01
4.243415835544034898e-01
4.795825921863151597e-01
5.769544576324132645e-01
4.616992535861834113e-01
6.763689122150796651e-01
5.768703994017381209e-01
5.456867879922070452e-01
5.245481987660806089e-01
6.599409473199664422e-01
6.883166520741307304e-01
5.162956048220370686e-01
6.887079919583272147e-01
4.157403262996194893e-01
5.825987842716846554e-01
5.317158322457843367e-01
4.186660383753980641e-01
4.772083912598482081e-01
6.655055258855749889e-01
5.697012747750510586e-01
6.308226061106250171e-01
5.057423574437385216e-01
5.218105932282653958e-01
5.312401942748646855e-01
7.785390205961573162e-01
7.101836076777054974e-01
5.797305524014194633e-01
4.142151418386927908e-01
5.385016245461180517e-01
6.822685984607779197e-01
7.495069907142754007e-01
5.246273066482096681e-01
7.689638526641522365e-01
5.524428693752886366e-01
6.788877340621296552e-01
7.198796982390627264e-01
6.372280660194222790e-01
4.180096272980259320e-01
5.279238138514058543e-01
6.140296900774048217e-01
5.553997068290733585e-01
4.221310043891728370e-01
4.541974549730891653e-01
8.507696896062516556e-01
5.316046043617147498e-01
5.477731305595545663e-01
7.159523825139330055e-01
5.654357743566768013e-01
5.326715302017557274e-01
4.429642050043224866e-01
6.526004637788151985e-01
5.398586429449611090e-01
7.149593975714889638e-01
7.153721298137779572e-01
4.488007318349644947e-01
5.329216616050989064e-01
7.361352969278714964e-01
5.923872549228035300e-01
5.126088456476581845e-01
5.339631514687925851e-01
7.040124104469315247e-01
5.883117812621317944e-01
5.154268295430179947e-01
5.969280024748379043e-01
5.005589717751014467e-01
3.818920690157995290e-01
4.181601871389904468e-01
4.573007108265920162e-01
3.786867095761569657e-01
3.802877893428988632e-01
6.114989158831013460e-01
3.445068911170630077e-01
6.492507598056815876e-01
6.739505903371816320e-01
4.432037079439914984e-01
3.275389766469334329e-01
4.622416678886172026e-01
2.544755660907661032e-01
5.893908761294881504e-01
5.592971208296111385e-01
3.411809192832412907e-01
3.762521002100586154e-01
3.237356181414328682e-01
5.204011694429807600e-01
4.454455447968987403e-01
4.633887227528288300e-01
4.856898616845357064e-01
3.579643176437013463e-01
6.676267559895349146e-01
4.953897085788383503e-01
6.728167521231722681e-01
4.338494636542931104e-01
4.744009075464726277e-01
3.690119868182569207e-01
1.876056180384566563e-01
1.860531688227200775e-01
4.662329279802029935e-01
4.637228948095929448e-01
5.025813192890737913e-01
4.338250623528639993e-01
5.403066628995186749e-01
3.011439547114829751e-01
5.470265960528796212e-01
5.546062974688826808e-01
5.963128424354713353e-01
6.627430459332147583e-01
4.579687758650182183e-01
4.091028050089210444e-01
5.932861301774102758e-01
4.902079475513471674e-01
4.560625183101096325e-01
5.003984279672087920e-01
5.205207858119337283e-01
3.943778797198442265e-01
5.500531650252286076e-01
5.390854852388288210e-01
3.990861874055826042e-01
5.212062776124301022e-01
4.322236781383812509e-01
5.006775843047469587e-01
5.450174733753323508e-01
5.781797588021744261e-01
5.721991588967870745e-01
5.136746502554166982e-01
4.587986535650904196e-01
4.308256915895013472e-01
5.088723767651828211e-01
3.421846984274902193e-01
6.125122535745205488e-01
4.848812424940044385e-01
6.882945927877707204e-01
3.717077165309015108e-01
3.153520867211896395e-01
6.547664169492255493e-01
3.723463309933278120e-01
3.265423667489467108e-01
4.005961407005355079e-01
6.490348817993701891e-01
4.652370265117852233e-01
3.948746525634929672e-01
3.648909183020391800e-01
5.894323250849299312e-01
2.569532981176207986e-01
4.737739511437489837e-01
3.586811259961342757e-01
4.360014660029266631e-01
4.906367322959294675e-01
4.573920264160186155e-01
7.618087579321319858e-01
3.626123797763194379e-01
5.025339569003376416e-01
4.523407136219892433e-01
6.921735105966051460e-01
6.038437923042900835e-01
6.182672859863823644e-01
3.907943375999288760e-01
4.392347379690784148e-01
3.632558853816715838e-01
5.660219140664988213e-01
3.538452608675624611e-01
5.269969246769182769e-01
2.824447408618510624e-01
4.153513932459718672e-01
3.759900139208372516e-01
4.854812414231117756e-01
2.500789699050253723e-01
5.538773775157337376e-01
6.227365302388133683e-01
6.739568285624483179e-01
5.837776062545780853e-01
2.878645454276526627e-01
5.734689724995384319e-01
5.274544776762102316e-01
3.303805191786706730e-01
1.973667290899495386e-01
4.656047995995977185e-01
6.949762501595447839e-01
4.389485499144502034e-01
4.523956453291518853e-01
5.264926461650283329e-01
6.593965083507562497e-01
5.747661163428482434e-01
6.346642150291185169e-01
5.417058185396239622e-01
3.420130841013712675e-01
7.167104040427679790e-01
4.449017221955002266e-01
4.526305367647769917e-01
7.057164693509214715e-01
4.462822615677911053e-01
2.802908616467781333e-01
4.255677214602228697e-01
6.905487100978041637e-01
5.376959722397176566e-01
3.558481781041838432e-01
5.024067664586786552e-01
4.340661321098981396e-01
6.294059080862186573e-01
5.994034237298577761e-01
5.467158463183859896e-01
6.475101135592342683e-01
3.901713112318819787e-01
2.809922160339348718e-01
2.836506445757686623e-01
4.095191586667155104e-01
5.333972043409580532e-01
2.961129293772323257e-01
3.838216990176348542e-01
4.122144991033612205e-01
4.786381829393438481e-01
3.746845672032164121e-01
6.901655647304310026e-01
1.920413174557108194e-01
3.320843626637002277e-01
4.132220140630356031e-01
2.619686468947404201e-01
3.669167811590418049e-01
4.553017211916683959e-01
3.182178898491235253e-01
8.616324859392811009e-01
6.579326930579481036e-01
3.179665813864302470e-01
3.372163115804127642e-01
3.651395768640888773e-01
4.687157861118095847e-01
5.326901840304523184e-01
4.115301642694391138e-01
5.351899413058660571e-01
4.742700213243564167e-01
4.842855258396044915e-01
4.790603351942482324e-01
7.221430383859165358e-01
4.460805099346885627e-01
3.436912227761535488e-01
6.052970989295111126e-01
5.915040926180027414e-01
3.576563612148562776e-01
4.611836881848787595e-01
4.529934927038416492e-01
3.701197548277910254e-01
5.942823877979174219e-01
3.592814438270108268e-01
4.423925355284523131e-01
4.525022156198889034e-01
4.965439345464774945e-01
3.798493994173789412e-01
5.901261622704430110e-01
3.013247417682156093e-01
5.692751327686101925e-01
3.409584692316083854e-01
2.988425618328354183e-01
3.644725896891240491e-01
5.801891786034188980e-01
3.293802128801820994e-01
4.695037000745851397e-01
4.962458391730101837e-01
5.610858802511414778e-01
7.450968770389485574e-01
4.708630880098222948e-01
4.134995147537814386e-01
5.596251109945028501e-01
5.425765231367880581e-01
7.217645815324299496e-01
5.197572768619591610e-01
4.263988947639236748e-01
3.939237445532442483e-01
5.475444136888707458e-01
7.163948277478308091e-01
