0.000000000000000000e+00
2.928932188134525383e-01
4.226497308103742134e-01
5.000000000000000000e-01
5.527864045000421278e-01
5.917517095361369828e-01
6.220355269907728024e-01
6.464466094067262691e-01
6.666666666666666297e-01
6.837722339831621143e-01
6.984886554222363708e-01
7.113248654051871345e-01
7.226499018873854263e-01
7.327387580875756035e-01
7.418011102528389022e-01
7.500000000000000000e-01
7.574643749636670309e-01
7.642977396044841054e-01
7.705842661294383111e-01
7.763932022500210639e-01
7.817821097640076378e-01
7.867992836443895577e-01
7.914855859429251739e-01
7.958758547680684359e-01
8.000000000000000444e-01
8.038838648618159555e-01
8.075499102701247933e-01
8.110177634953863457e-01
8.143046618229481393e-01
8.174258141649446419e-01
8.155997072395669845e-01
8.186338386092958386e-01
8.215251092846281855e-01
8.236960924426942610e-01
8.257783375017822003e-01
8.277777777777777235e-01
8.296998032515606747e-01
8.315493230813264525e-01
8.338436400402453597e-01
8.355483946517493488e-01
8.376814206662391848e-01
8.392589075133404242e-01
8.407839592135821771e-01
8.427139866114413680e-01
8.445768921366804127e-01
8.463764481855922117e-01
8.476906062044037293e-01
8.493825173818750907e-01
8.510204081632652962e-01
8.526070708874367021e-01
8.537529439221178684e-01
8.548676826940495577e-01
8.559526850661338671e-01
8.573796325225454540e-01
8.584022815026590703e-01
8.597562771771977141e-01
8.610730219900818438e-01
8.623541785560926431e-01
8.636013079167587092e-01
8.648158773572243163e-01
8.656713986493684843e-01
8.668301981204584727e-01
8.676427165947635523e-01
8.687499999999999112e-01
8.695228831794987734e-01
8.702794297493448017e-01
8.713187206502239768e-01
8.723340143204321162e-01
8.733262118020330700e-01
8.740104534280865867e-01
8.746813129899602135e-01
8.753392257395306020e-01
8.759846072546413343e-01
8.768881248418679553e-01
8.777726805721666192e-01
8.786389219823720342e-01
8.792277259786456245e-01
8.798060814230603821e-01
8.806274616586167170e-01
8.811826691025103075e-01
8.817283950617282873e-01
8.822649093246991425e-01
8.827924709932361003e-01
8.835494242605542725e-01
8.840570168453290023e-01
8.845564404001651226e-01
8.852777991721030304e-01
8.857589217130236170e-01
8.862325673099384904e-01
8.869211519900551677e-01
8.873779761111421083e-01
8.880453284163811745e-01
8.884862607981387495e-01
8.889207178666381770e-01
8.895593846535496674e-01
8.901875021696868950e-01
8.908053541674206821e-01
8.912091322665364190e-01
8.916073042056072984e-01
8.921999999999999931e-01
8.925853652604111010e-01
8.929655407882858276e-01
8.935348181185400751e-01
8.940954014745974288e-01
8.946475071367578913e-01
8.950026647342711472e-01
8.953532820174502360e-01
8.958846412175462959e-01
8.964082534061252883e-01
8.969243026175682809e-01
8.972527866865254165e-01
8.975772755413107262e-01
8.978978504736286892e-01
8.982145904649939672e-01
8.985275722707100066e-01
8.988368705001410497e-01
8.993134978644091726e-01
8.997836874459643752e-01
9.000795136777899330e-01
9.005386489408229167e-01
9.008264462809917328e-01
9.011110344521022775e-01
9.015550749895834270e-01
9.019934020068802738e-01
9.024261352820082127e-01
9.026946609752746209e-01
9.031178022347011725e-01
9.035356693046477927e-01
9.037933305599337164e-01
9.040483141079111995e-01
9.044533383250809022e-01
9.048534637332231734e-01
9.052487868964106399e-01
9.054901480243698897e-01
9.057291034233347915e-01
9.061127521037000143e-01
9.064919276459471043e-01
9.067217875218744894e-01
9.069494273374060223e-01
9.071748830366054284e-01
9.075400337212967683e-01
9.079010719573470389e-01
9.082580732290952419e-01
9.084722222222222365e-01
9.088223262950588799e-01
9.091685955197077451e-01
9.093750439461054658e-01
9.097147664906451991e-01
9.099166140710132078e-01
9.101166684024162290e-01
9.103149562059892341e-01
9.106430825932946282e-01
9.108370552985887159e-01
9.111592196553828238e-01
9.114780541546517734e-01
9.117936148919174588e-01
9.119785681247207787e-01
9.121619684292595620e-01
9.123438376813828299e-01
9.126491973258746837e-01
9.128272919898103854e-01
9.131273850609216147e-01
9.133018255944317376e-01
9.135968078940952530e-01
9.138889216539889393e-01
9.141782123362011125e-01
9.144647244092592997e-01
9.146294537566702632e-01
9.147928994082840104e-01
9.149550781517812315e-01
9.152329655321077562e-01
9.153919796067910841e-01
9.156653901201931012e-01
9.158213342580031613e-01
9.159761061473342680e-01
9.162433569420842527e-01
9.165081807811463754e-01
9.166582540289673897e-01
9.169189586756734123e-01
9.170662238461179117e-01
9.173229195241312528e-01
9.174674570771021997e-01
9.177202498726813040e-01
9.179708327884481545e-01
9.182192373050771517e-01
9.183579674029778150e-01
9.186026821146855426e-01
9.187389201234783531e-01
9.189800394541262074e-01
9.192191169629029268e-01
9.194561808279395621e-01
9.195870920242706914e-01
9.198207507271460859e-01
9.200524715894822236e-01
9.202822808056739801e-01
9.204081632653061673e-01
9.205332209610871397e-01
9.207584730612077273e-01
9.208814007031529414e-01
9.210035354437183797e-01
9.211248858647628213e-01
9.213444703194016983e-01
9.215623117645345141e-01
9.217784327453726334e-01
9.219928554048252289e-01
9.221085141139846453e-01
9.223200740167180056e-01
9.225299951931785758e-01
9.226426045506940232e-01
9.227545275654016610e-01
9.229605579838517926e-01
9.230706821557084218e-01
9.231801449345543586e-01
9.233824109272839031e-01
9.235831593830564623e-01
9.236898162612727781e-01
9.238880116801699849e-01
9.240847403714278485e-01
9.241886958209599712e-01
9.243829589331478136e-01
9.245758037449224309e-01
9.246771570394760609e-01
9.247779334860686262e-01
9.249674243028845888e-01
9.250666666666665927e-01
9.252538475628077075e-01
9.253515912341278016e-01
9.255365109950408620e-01
9.257201265003793811e-01
9.258154962159085288e-01
9.259969243701331454e-01
9.261770892780462061e-01
9.262701683604107616e-01
9.263627462822103809e-01
9.265399339471456219e-01
9.267159081956675148e-01
9.268906825655111037e-01
9.269802367725601400e-01
9.270693207654163714e-01
9.271579386786121812e-01
9.272460945961209511e-01
9.274164371802398055e-01
9.275033410586110971e-01
9.275897976853400007e-01
9.277574435687814258e-01
9.279239861848335158e-01
9.280894373579284817e-01
9.281731635763581512e-01
9.283367905168742329e-01
9.284993578606998144e-01
9.285811955083673741e-01
9.286626281386516357e-01
9.288227104894263286e-01
9.289030318838620293e-01
9.290613920226750144e-01
9.291406249999999423e-01
9.292972951321254449e-01
9.293754618754851426e-01
9.294532532793727819e-01
9.295306723589801257e-01
9.296077220958794962e-01
9.296844054384966194e-01
9.298367709299530937e-01
9.299881997231571606e-01
9.301387011917822134e-01
9.302130966101725962e-01
9.303620526381991551e-01
9.305101065937685378e-01
9.305829179274365259e-01
9.307294696642522958e-01
9.308013428764160269e-01
9.308728895131571646e-01
9.309441120548674897e-01
9.310150129558323329e-01
9.310855946445765197e-01
9.312283232923209697e-01
9.313702143048687709e-01
9.314393332355309640e-01
9.315081461407875851e-01
9.315766552854718441e-01
9.316448629111907520e-01
9.317127712366249925e-01
9.317803824578250182e-01
9.319181212837124306e-01
9.319848976989072442e-01
9.321213152629999055e-01
9.321872722676812772e-01
9.322529462030986203e-01
9.323183391003460052e-01
9.323834529703176610e-01
9.325170183262977419e-01
9.325813447232110809e-01
9.326453996134770330e-01
9.327772121241747483e-01
9.329082957404363219e-01
9.330386570155284609e-01
9.331009623541353104e-01
9.331630101624179829e-01
9.332248022191478309e-01
9.332863402860833713e-01
9.334140712908985948e-01
9.335411117448904061e-01
9.336014611161100873e-01
9.337273557280282299e-01
9.337870025815031561e-01
9.338464098991987594e-01
9.339055792880243123e-01
9.340294474049073425e-01
9.341526604704789571e-01
9.342107079857231433e-01
9.342685265376932113e-01
9.343902201987097644e-01
9.344473805345205886e-01
9.345043176951084440e-01
9.345610331355146405e-01
9.346808194369033984e-01
9.347999875758058463e-01
9.349185427354577138e-01
9.349737941144140585e-01
9.350913345512550379e-01
9.352082759818519664e-01
9.352625115651309606e-01
9.353784621037175562e-01
9.354938271604937849e-01
9.355470730776197508e-01
9.356614702958206964e-01
9.357752951265302377e-01
9.358275766135690787e-01
9.358796656405085068e-01
9.359921694482021826e-01
9.360436939858397531e-01
9.360950306773407892e-01
9.362062407234931216e-01
9.363169055543499875e-01
9.363673280197950533e-01
9.364175692731342426e-01
9.364676303985990380e-01
9.365766840691324147e-01
9.366852106586089910e-01
9.367343907756056076e-01
9.367833970487772222e-01
9.368907100329566529e-01
9.369392011839560164e-01
9.370456620605478459e-01
9.370936460620679087e-01
9.371992666676776107e-01
9.372467513256679261e-01
9.373515432642123280e-01
9.373985362222807538e-01
9.375025108708791022e-01
9.376059996715346845e-01
9.376521881292391170e-01
9.376982199900997239e-01
9.377440961362083494e-01
9.377898174428495048e-01
9.378353847785646513e-01
9.379368214141811100e-01
9.380377928216312444e-01
9.380825921585892457e-01
9.381272426616942273e-01
9.382271468144044446e-01
9.383265976833379263e-01
9.383705021884504172e-01
9.384142627808458315e-01
9.385126747642411615e-01
9.385560001630742777e-01
9.385991847971262292e-01
9.386422294255818422e-01
9.386851348020254227e-01
9.387279016744920490e-01
9.388244391413124168e-01
9.388667863130477631e-01
9.389089979691382926e-01
9.389510748296859832e-01
9.389930176095564462e-01
9.390348270184255552e-01
9.390765037608258536e-01
9.391180485361927399e-01
9.391594620389097647e-01
9.392007449583537060e-01
9.392943914172591224e-01
9.393352778011041515e-01
9.393760363577928763e-01
9.394166677515100039e-01
9.395091206936582173e-01
9.395493651546612535e-01
9.396411646991009725e-01
9.396810275991742678e-01
9.397207679566845773e-01
9.397603863975158012e-01
9.398510344383133042e-01
9.399413008271457759e-01
9.400311881690406324e-01
9.400699376232141136e-01
9.401592030985701509e-01
9.401975914967430903e-01
9.402358648154461873e-01
9.403242748834300668e-01
9.404123191269939674e-01
9.404499999999998971e-01
9.404875693101975020e-01
9.405747788491338746e-01
9.406120032211239268e-01
9.406491182737699575e-01
9.407355072554366426e-01
9.407722836304982517e-01
9.408580929194216846e-01
9.409435547078683904e-01
9.410286712766906536e-01
9.410646643983164861e-01
9.411492159755254772e-01
9.411848847874253465e-01
9.412204518057056823e-01
9.413042266898834498e-01
9.413876679235804179e-01
9.414227007372987233e-01
9.414576347733120132e-01
9.415403173821634830e-01
9.415749410485692028e-01
9.416570869017124590e-01
9.417389101232553905e-01
9.418204127666097714e-01
9.418543155433118930e-01
9.418881248199657552e-01
9.419688998458198848e-01
9.420493612869970113e-01
9.421295111162145686e-01
9.422093512890988842e-01
9.422888837443733623e-01
9.423681104040437795e-01
9.424006294612849999e-01
9.424330613495139897e-01
9.425115958296741425e-01
9.425437481039639076e-01
9.426217918567312282e-01
9.426995395470993966e-01
9.427769929950582384e-01
9.428541540051889047e-01
9.428854662802690356e-01
9.429166967633295648e-01
9.429478458049885825e-01
9.429789137538551191e-01
9.430099009565412471e-01
9.430858528027220578e-01
9.431165783201475028e-01
9.431472245733093507e-01
9.431777918979225017e-01
9.432529234849410527e-01
9.433277779545462538e-01
9.434023569624789829e-01
9.434766621508572371e-01
9.435064473607081004e-01
9.435361573494107645e-01
9.435657924281732889e-01
9.435953529064889933e-01
9.436248390921461171e-01
9.436542512912400316e-01
9.437272579304539777e-01
9.438000009152157643e-01
9.438290035266594380e-01
9.439013181290407672e-01
9.439300832142843989e-01
9.440019738757602363e-01
9.440305042155877624e-01
9.441019753122776859e-01
9.441731920986600191e-01
9.442013294876342444e-01
9.442721335475892097e-01
9.443426872683292617e-01
9.443704388916910331e-01
9.444405865691581914e-01
9.445104877907786189e-01
9.445801439587465653e-01
9.446073623714436041e-01
9.446766214245277959e-01
9.447456391918360730e-01
9.447724883134492879e-01
9.448411152993850814e-01
9.448677510319947181e-01
9.449359911370780463e-01
9.449624158929894602e-01
9.450302729624520115e-01
9.450978969848463640e-01
9.451652892561983599e-01
9.452324510626095577e-01
9.452582314169801769e-01
9.452839528523622192e-01
9.453505991932642516e-01
9.453761196324211857e-01
9.454423984719283469e-01
9.454677201424905864e-01
9.454929846492632350e-01
9.455181922009106010e-01
9.455433430051113364e-01
9.456088413089672740e-01
9.456337977776336778e-01
9.456989398925236268e-01
9.457237041519417353e-01
9.457484133354411293e-01
9.458130676410041460e-01
9.458375874253743820e-01
9.458620530431077755e-01
9.459262261189548271e-01
9.459901876304944723e-01
9.460143347462190988e-01
9.460384290845139654e-01
9.460624708315039655e-01
9.461258302512088880e-01
9.461496900226918916e-01
9.462127137457901904e-01
9.462755324291656223e-01
9.463381471523238941e-01
9.463615726321714661e-01
9.463849479852936009e-01
9.464471083357204328e-01
9.465090683807421135e-01
9.465708291648585737e-01
9.465937816864624654e-01
9.466552214454850844e-01
9.466780032078017104e-01
9.467391248894316824e-01
9.467617376796171325e-01
9.468225441930833153e-01
9.468831577121586962e-01
9.469435792280311848e-01
9.469657869111934856e-01
9.470258995158102877e-01
9.470858227757025238e-01
9.471455576559546508e-01
9.472051051148795420e-01
9.472644661040796610e-01
9.472860475835436223e-01
9.473451089943606407e-01
9.474039864864213234e-01
9.474626809865571708e-01
9.474838799823342983e-01
9.475422807384308310e-01
9.475633262652477518e-01
9.475843301264600393e-01
9.476052924524080989e-01
9.476631819496460496e-01
9.476839933863971943e-01
9.477415963396816911e-01
9.477990231106735441e-01
9.478562745712653115e-01
9.478767215507803989e-01
9.478971288765777325e-01
9.479174966696890525e-01
9.479378250507002335e-01
9.479944777761185604e-01
9.480509593378605437e-01
9.480710386884735330e-01
9.480910795805469471e-01
9.481471832129204635e-01
9.481670824879209203e-01
9.482229151075518558e-01
9.482785808015015139e-01
9.483340803770704541e-01
9.483894146361855348e-01
9.484088700897311819e-01
9.484639397622800505e-01
9.485188462658109554e-01
9.485380664037279530e-01
9.485572509032015320e-01
9.485763998671695729e-01
9.485955133982229004e-01
9.486145915986072819e-01
9.486336345702226502e-01
9.486877917995112375e-01
9.487417906716244520e-01
9.487956319354061696e-01
9.488143512998623574e-01
9.488679405950641854e-01
9.489213742867709245e-01
9.489746531056828527e-01
9.489930555555555758e-01
9.490114249342286312e-01
9.490297613336751148e-01
9.490480648455763557e-01
9.490663355613225827e-01
9.490845735720134790e-01
9.491027789684586269e-01
9.491209518411778401e-01
9.491733388557442863e-01
9.491913884102601839e-01
9.492094059106758186e-01
9.492614629955911099e-01
9.493133723131886859e-01
9.493651345415232701e-01
9.493828520492836320e-01
9.494005385261579111e-01
9.494181940561333688e-01
9.494695455357563540e-01
9.494870826437209477e-01
9.495045892460588499e-01
9.495556224717481841e-01
9.495730120991181522e-01
9.496238164701513718e-01
9.496410901986310771e-01
9.496916675345414838e-01
9.497421042972091776e-01
9.497924011180810533e-01
9.498425586247014607e-01
9.498594648579614663e-01
9.498763424835574565e-01
9.498931915756128053e-01
9.499100122080400554e-01
9.499268044545421397e-01
9.499764091111067010e-01
9.500258778540199289e-01
9.500752112850340270e-01
9.500917302636735506e-01
9.501408481726683064e-01
9.501572590895875914e-01
9.501736428218390262e-01
9.501899994380811343e-01
9.502063290067852552e-01
9.502549940557832864e-01
9.502712174522383037e-01
9.502874141741001202e-01
9.503357904074409834e-01
9.503518822023372392e-01
9.504000504177794184e-01
9.504160382151894959e-01
9.504639999999999755e-01
9.505118336002145174e-01
9.505595395692569838e-01
9.505752713235068319e-01
9.505909778063441617e-01
9.506066590792034976e-01
9.506540109244410175e-01
9.506695918095664499e-01
9.506851478265372357e-01
9.507006790354135539e-01
9.507476815590958363e-01
9.507631138092449419e-01
9.508099187603094027e-01
9.508252529106306916e-01
9.508405628589381431e-01
9.508870986629373023e-01
9.509023116282411259e-01
9.509486533640700845e-01
9.509948743812011163e-01
9.510099192868306517e-01
9.510559485357633625e-01
9.510708986792691944e-01
9.511167375729910889e-01
9.511315937650286489e-01
9.511464270607091764e-01
9.511612375129159247e-01
9.511760251744098005e-01
9.512214649444551418e-01
9.512361602070534827e-01
9.512508329801420137e-01
9.512654833153333378e-01
9.513105990689988412e-01
9.513251582781834248e-01
9.513396953446411342e-01
9.513542103188663557e-01
9.513687032512367914e-01
9.513831741920157903e-01
9.513976231913496839e-01
9.514422162117885939e-01
9.514866965295462053e-01
9.515310646043215748e-01
9.515452908632052731e-01
9.515894808433521534e-01
9.516335598094201043e-01
9.516476328452915245e-01
9.516915357509435625e-01
9.517055225929988982e-01
9.517492506878588721e-01
9.517631520485843044e-01
9.518067065696372842e-01
9.518205231536851496e-01
9.518639053254437377e-01
9.518776378297414409e-01
9.518913503393342523e-01
9.519344979782636829e-01
9.519775390758905553e-01
9.520204740567227431e-01
9.520633033429425351e-01
9.520767447775561054e-01
9.520901669765801101e-01
9.521035699803317431e-01
9.521169538290535916e-01
9.521594306444264300e-01
9.522018037568840132e-01
9.522440735749243546e-01
9.522572549975870659e-01
