0.000000000000000000e+00
0.000000000000000000e+00
3.333333333333333148e-01
5.000000000000000000e-01
5.999999999999999778e-01
6.666666666666666297e-01
7.142857142857143016e-01
6.250000000000000000e-01
5.555555555555555802e-01
5.000000000000000000e-01
5.454545454545454142e-01
5.833333333333333703e-01
6.153846153846154188e-01
5.714285714285713969e-01
5.999999999999999778e-01
5.625000000000000000e-01
5.294117647058823595e-01
5.000000000000000000e-01
5.263157894736841813e-01
5.500000000000000444e-01
5.714285714285713969e-01
5.454545454545454142e-01
5.652173913043477826e-01
5.833333333333333703e-01
5.999999999999999778e-01
6.153846153846154188e-01
6.296296296296296502e-01
6.071428571428570953e-01
5.862068965517240882e-01
5.999999999999999778e-01
5.806451612903226200e-01
5.937500000000000000e-01
6.060606060606060774e-01
5.882352941176470784e-01
5.714285714285713969e-01
5.555555555555555802e-01
5.405405405405405705e-01
5.263157894736841813e-01
5.384615384615384359e-01
5.250000000000000222e-01
5.365853658536585691e-01
5.238095238095238360e-01
5.116279069767442067e-01
5.227272727272727071e-01
5.333333333333333259e-01
5.434782608695651884e-01
5.319148936170212671e-01
5.416666666666666297e-01
5.510204081632652517e-01
5.600000000000000533e-01
5.490196078431373028e-01
5.384615384615384359e-01
5.283018867924528239e-01
5.370370370370370905e-01
5.272727272727272263e-01
5.357142857142856984e-01
5.438596491228070429e-01
5.517241379310344751e-01
5.593220338983050377e-01
5.666666666666666519e-01
5.573770491803278215e-01
5.645161290322581182e-01
5.555555555555555802e-01
5.625000000000000000e-01
5.538461538461538769e-01
5.454545454545454142e-01
5.522388059701492935e-01
5.588235294117647189e-01
5.652173913043477826e-01
5.571428571428571619e-01
5.492957746478873693e-01
5.416666666666666297e-01
5.342465753424657793e-01
5.405405405405405705e-01
5.466666666666666341e-01
5.526315789473684736e-01
5.454545454545454142e-01
5.384615384615384359e-01
5.443037974683544444e-01
5.374999999999999778e-01
5.308641975308642236e-01
5.243902439024390461e-01
5.180722891566265087e-01
5.238095238095238360e-01
5.176470588235294601e-01
5.116279069767442067e-01
5.172413793103448620e-01
5.113636363636363535e-01
5.056179775280899014e-01
5.111111111111110716e-01
5.054945054945054750e-01
5.108695652173913526e-01
5.053763440860215006e-01
5.000000000000000000e-01
5.052631578947368585e-01
5.104166666666666297e-01
5.154639175257731409e-01
5.102040816326530726e-01
5.050505050505050830e-01
5.100000000000000089e-01
5.049504950495049549e-01
5.000000000000000000e-01
5.048543689320388328e-01
5.096153846153845812e-01
5.142857142857142350e-01
5.094339622641509413e-01
5.046728971962616273e-01
5.092592592592593004e-01
5.137614678899082854e-01
5.181818181818181879e-01
5.135135135135134865e-01
5.089285714285713969e-01
5.044247787610619538e-01
5.000000000000000000e-01
4.956521739130435034e-01
4.913793103448275690e-01
4.957264957264957417e-01
5.000000000000000000e-01
4.957983193277311074e-01
5.000000000000000000e-01
4.958677685950413361e-01
4.918032786885245811e-01
4.959349593495934738e-01
5.000000000000000000e-01
5.040000000000000036e-01
5.000000000000000000e-01
5.039370078740157410e-01
5.078125000000000000e-01
5.038759689922480689e-01
5.000000000000000000e-01
5.038167938931297218e-01
5.075757575757575690e-01
5.112781954887217761e-01
5.074626865671642006e-01
5.037037037037036535e-01
5.073529411764705621e-01
5.109489051094890932e-01
5.072463768115942351e-01
5.035971223021582510e-01
5.000000000000000000e-01
5.035460992907800915e-01
5.070422535211267512e-01
5.104895104895105229e-01
5.069444444444444198e-01
5.103448275862069172e-01
5.136986301369863561e-01
5.102040816326530726e-01
5.135135135135134865e-01
5.100671140939597725e-01
5.066666666666667096e-01
5.033112582781457123e-01
5.065789473684210176e-01
5.032679738562091387e-01
5.064935064935064402e-01
5.096774193548386789e-01
5.128205128205127750e-01
5.095541401273885329e-01
5.063291139240506666e-01
5.031446540880503138e-01
5.062499999999999778e-01
5.031055900621117516e-01
5.061728395061728669e-01
5.030674846625766694e-01
5.060975609756097615e-01
5.090909090909090384e-01
5.120481927710843761e-01
5.149700598802394724e-01
5.119047619047618625e-01
5.088757396449704595e-01
5.058823529411764497e-01
5.087719298245614308e-01
5.058139534883721034e-01
5.086705202312138407e-01
5.057471264367816577e-01
5.028571428571428914e-01
5.056818181818182323e-01
5.084745762711864181e-01
5.056179775280899014e-01
5.083798882681563880e-01
5.055555555555555358e-01
5.082872928176795924e-01
5.054945054945054750e-01
5.081967213114754189e-01
5.108695652173913526e-01
5.135135135135134865e-01
5.107526881720430012e-01
5.133689839572193048e-01
5.106382978723403854e-01
5.132275132275132545e-01
5.157894736842105754e-01
5.183246073298429790e-01
5.156250000000000000e-01
5.181347150259066892e-01
5.206185567010309656e-01
5.230769230769231060e-01
5.204081632653061451e-01
5.177664974619289318e-01
5.202020202020202211e-01
5.175879396984924830e-01
5.150000000000000133e-01
5.124378109452736307e-01
5.148514851485148647e-01
5.172413793103448620e-01
5.196078431372549433e-01
5.219512195121951414e-01
5.194174757281553312e-01
5.217391304347825942e-01
5.240384615384615641e-01
5.215311004784688453e-01
5.190476190476190910e-01
5.213270142180095323e-01
5.188679245283018826e-01
5.164319248826291231e-01
5.186915887850467310e-01
5.209302325581395277e-01
5.185185185185184897e-01
5.207373271889400579e-01
5.229357798165137350e-01
5.205479452054794232e-01
5.227272727272727071e-01
5.248868778280543212e-01
5.225225225225225145e-01
5.201793721973093643e-01
5.223214285714286031e-01
5.200000000000000178e-01
5.221238938053097689e-01
5.198237885462555496e-01
5.219298245614034659e-01
5.240174672489082974e-01
5.217391304347825942e-01
5.238095238095238360e-01
5.258620689655172376e-01
5.236051502145923076e-01
5.213675213675214026e-01
5.234042553191489144e-01
5.254237288135593653e-01
5.274261603375527407e-01
5.252100840336134668e-01
5.230125523012552069e-01
5.208333333333333703e-01
5.186721991701245260e-01
5.206611570247934306e-01
5.185185185185184897e-01
5.163934426229508379e-01
5.183673469387755084e-01
5.203252032520325754e-01
5.222672064777328371e-01
5.201612903225806273e-01
5.220883534136546711e-01
5.240000000000000213e-01
5.219123505976095423e-01
5.198412698412698818e-01
5.217391304347825942e-01
5.196850393700787052e-01
5.215686274509804266e-01
5.195312500000000000e-01
5.214007782101167665e-01
5.193798449612403445e-01
5.173745173745173398e-01
5.153846153846153300e-01
5.134099616858237569e-01
5.114503816793892765e-01
5.133079847908744719e-01
5.151515151515151381e-01
5.169811320754716943e-01
5.150375939849624052e-01
5.168539325842697041e-01
5.186567164179104461e-01
5.167286245353159835e-01
5.185185185185184897e-01
5.166051660516605137e-01
5.147058823529411242e-01
5.128205128205127750e-01
5.109489051094890932e-01
5.090909090909090384e-01
5.108695652173913526e-01
5.126353790613717987e-01
5.107913669064748641e-01
5.089605734767025380e-01
5.071428571428571175e-01
5.053380782918149849e-01
5.035460992907800915e-01
5.017667844522968323e-01
5.035211267605633756e-01
5.017543859649122862e-01
5.034965034965035446e-01
5.017421602787456303e-01
5.000000000000000000e-01
4.982698961937715998e-01
4.965517241379310276e-01
4.982817869415807621e-01
4.965753424657534110e-01
4.948805460750853036e-01
4.965986394557823091e-01
4.983050847457627386e-01
5.000000000000000000e-01
4.983164983164983242e-01
4.966442953020134277e-01
4.949832775919732475e-01
4.933333333333333459e-01
4.950166112956810860e-01
4.966887417218542877e-01
4.950495049504950451e-01
4.967105263157894912e-01
4.950819672131147597e-01
4.934640522875817226e-01
4.918566775244299638e-01
4.935064935064935043e-01
4.951456310679611672e-01
4.935483870967741771e-01
4.919614147909968094e-01
4.935897435897436125e-01
4.920127795527156622e-01
4.904458598726114671e-01
4.888888888888888729e-01
4.905063291139240556e-01
4.921135646687697096e-01
4.937106918238993725e-01
4.921630094043887294e-01
4.937500000000000222e-01
4.953271028037383172e-01
4.937888198757763858e-01
4.953560371517027883e-01
4.969135802469135665e-01
4.953846153846153677e-01
4.969325153374233306e-01
4.984709480122324066e-01
4.969512195121951192e-01
4.954407294832826603e-01
4.969696969696969502e-01
4.954682779456193176e-01
4.939759036144578119e-01
4.954954954954954860e-01
4.970059880239520722e-01
4.955223880597015018e-01
4.940476190476190688e-01
4.925816023738872618e-01
4.940828402366864158e-01
4.955752212389380462e-01
4.941176470588235503e-01
4.926686217008797719e-01
4.941520467836257313e-01
4.927113702623906466e-01
4.941860465116278966e-01
4.927536231884058204e-01
4.942196531791907543e-01
4.927953890489913391e-01
4.942528735632183978e-01
4.928366762177650573e-01
4.942857142857142727e-01
4.957264957264957417e-01
4.943181818181818232e-01
4.929178470254957367e-01
4.915254237288135819e-01
4.901408450704225483e-01
4.887640449438201973e-01
4.901960784313725283e-01
4.916201117318435565e-01
4.902506963788300642e-01
4.888888888888888729e-01
4.903047091412742198e-01
4.917127071823204632e-01
4.903581267217630990e-01
4.890109890109889945e-01
4.904109589041095729e-01
4.890710382513661081e-01
4.877384196185285958e-01
4.864130434782608647e-01
4.850948509485094595e-01
4.837837837837837829e-01
4.851752021563342510e-01
4.838709677419354982e-01
4.825737265415549482e-01
4.812834224598930288e-01
4.799999999999999822e-01
4.787234042553191737e-01
4.774535809018567445e-01
4.761904761904761640e-01
4.749340369393139638e-01
4.736842105263157632e-01
4.750656167979002698e-01
4.738219895287957839e-01
4.725848563968668148e-01
4.713541666666666852e-01
4.727272727272727182e-01
4.715025906735751393e-01
4.728682170542635732e-01
4.716494845360824639e-01
4.704370179948585973e-01
4.692307692307692291e-01
4.705882352941176405e-01
4.719387755102040782e-01
4.732824427480916141e-01
4.720812182741117025e-01
4.734177215189873666e-01
4.722222222222222099e-01
4.710327455919395279e-01
4.723618090452261220e-01
4.736842105263157632e-01
4.724999999999999756e-01
4.713216957605985136e-01
4.726368159203980235e-01
4.714640198511166336e-01
4.702970297029702706e-01
4.716049382716049343e-01
4.704433497536945619e-01
4.717444717444717606e-01
4.730392156862744946e-01
4.743276283618582112e-01
4.731707317073170493e-01
4.744525547445255231e-01
4.733009708737864196e-01
4.721549636803873962e-01
4.734299516908212491e-01
4.746987951807228878e-01
4.735576923076922906e-01
4.724220623501199090e-01
4.736842105263157632e-01
4.725536992840095318e-01
4.738095238095237915e-01
4.750593824228028228e-01
4.763033175355450011e-01
4.751773049645390268e-01
4.740566037735848837e-01
4.752941176470588114e-01
4.765258215962441257e-01
4.777517564402810057e-01
4.789719626168224553e-01
4.801864801864801913e-01
4.813953488372093026e-01
4.802784222737819242e-01
4.791666666666666852e-01
4.803695150115473433e-01
4.792626728110598866e-01
4.804597701149425082e-01
4.816513761467889898e-01
4.828375286041189929e-01
4.840182648401826215e-01
4.829157175398633428e-01
4.818181818181818121e-01
4.807256235827664370e-01
4.796380090497737725e-01
4.785553047404063065e-01
4.797297297297297147e-01
4.786516853932584192e-01
4.775784753363228607e-01
4.765100671140939381e-01
4.776785714285714524e-01
4.788418708240534394e-01
4.799999999999999822e-01
4.811529933481152876e-01
4.800884955752212635e-01
4.790286975717439333e-01
4.779735682819383213e-01
4.769230769230769496e-01
4.758771929824561209e-01
4.748358862144420045e-01
4.759825327510917026e-01
4.771241830065359735e-01
4.760869565217391575e-01
4.772234273318872178e-01
4.761904761904761640e-01
4.773218142548595888e-01
4.762931034482758563e-01
4.774193548387096753e-01
4.785407725321888517e-01
4.775160599571734443e-01
4.786324786324786529e-01
4.797441364605543601e-01
4.787234042553191737e-01
4.798301486199575416e-01
4.809322033898305038e-01
4.820295983086680947e-01
4.810126582278481111e-01
4.821052631578947589e-01
4.831932773109243739e-01
4.821802935010482405e-01
4.832635983263598445e-01
4.822546972860125014e-01
4.833333333333333370e-01
4.823284823284823553e-01
4.834024896265560201e-01
4.844720496894410200e-01
4.855371900826446208e-01
4.865979381443298890e-01
4.855967078189300512e-01
4.845995893223819517e-01
4.856557377049180446e-01
4.846625766871165419e-01
4.857142857142857095e-01
4.847250509164969245e-01
4.837398373983740063e-01
4.827586206896551935e-01
4.817813765182186181e-01
4.828282828282828287e-01
4.818548387096774355e-01
4.828973843058350091e-01
4.819277108433734913e-01
4.809619238476953718e-01
4.819999999999999840e-01
4.810379241516966053e-01
4.800796812749004161e-01
4.811133200795228437e-01
4.821428571428571508e-01
4.811881188118811714e-01
4.802371541501976315e-01
4.792899408284023721e-01
4.803149606299212393e-01
4.793713163064832750e-01
4.803921568627451122e-01
4.814090019569471357e-01
4.824218750000000000e-01
4.814814814814814548e-01
4.805447470817120759e-01
4.815533980582524243e-01
4.825581395348837455e-01
4.835589941972920913e-01
4.826254826254826047e-01
4.836223506743738132e-01
4.826923076923076983e-01
4.836852207293665940e-01
4.827586206896551935e-01
4.837476099426386011e-01
4.847328244274808906e-01
4.857142857142857095e-01
4.847908745247148099e-01
4.857685009487666128e-01
4.867424242424242542e-01
4.877126654064272149e-01
4.886792452830188704e-01
4.896421845574387977e-01
4.887218045112781684e-01
4.896810506566603993e-01
4.906367041198501644e-01
4.915887850467289821e-01
4.906716417910447769e-01
4.916201117318435565e-01
4.907063197026022561e-01
4.897959183673469274e-01
4.888888888888888729e-01
4.898336414048058973e-01
4.889298892988929723e-01
4.898710865561694550e-01
4.908088235294117418e-01
4.917431192660550732e-01
4.908424908424908195e-01
4.899451553930530001e-01
4.890510948905109623e-01
4.881602914389799874e-01
4.890909090909090762e-01
4.900181488203266822e-01
4.891304347826087029e-01
4.882459312839059762e-01
4.891696750902527202e-01
4.882882882882882969e-01
4.892086330935251914e-01
4.901256732495511415e-01
4.910394265232975175e-01
4.919499105545617201e-01
4.910714285714285476e-01
4.919786096256684726e-01
4.928825622775800941e-01
4.920071047957371158e-01
4.911347517730496604e-01
4.902654867256637239e-01
4.893992932862190615e-01
4.885361552028218424e-01
4.876760563380281854e-01
4.885764499121265647e-01
4.894736842105263386e-01
4.903677758318739088e-01
4.895104895104895326e-01
4.904013961605584448e-01
4.912891986062717931e-01
4.921739130434782394e-01
4.913194444444444198e-01
4.904679376083189157e-01
4.896193771626297653e-01
4.887737478411053327e-01
4.879310344827585966e-01
4.870912220309810414e-01
4.862542955326460414e-01
4.854202401372212927e-01
4.863013698630136994e-01
4.854700854700854662e-01
4.846416382252559663e-01
4.855195911413969223e-01
4.863945578231292366e-01
4.872665534804753729e-01
4.864406779661016866e-01
4.856175972927241902e-01
4.847972972972973138e-01
4.856661045531197041e-01
4.848484848484848619e-01
4.840336134453781525e-01
4.848993288590603967e-01
4.840871021775544625e-01
4.849498327759197425e-01
4.841402337228714603e-01
4.849999999999999867e-01
4.858569051580698961e-01
4.867109634551495256e-01
4.875621890547263693e-01
4.867549668874172064e-01
4.859504132231404760e-01
4.851485148514851353e-01
4.843492586490938945e-01
4.835526315789473450e-01
4.844006568144499369e-01
4.852459016393442792e-01
4.860883797054009747e-01
4.852941176470588203e-01
4.861337683523654363e-01
4.853420195439739349e-01
4.845528455284552893e-01
4.837662337662337886e-01
4.829821717990275265e-01
4.838187702265372425e-01
4.830371567043618697e-01
4.822580645161290147e-01
4.830917874396135070e-01
4.823151125401929362e-01
4.831460674157303514e-01
4.823717948717948789e-01
4.832000000000000184e-01
4.840255591054313244e-01
4.848484848484848619e-01
4.840764331210191118e-01
4.833068362480127389e-01
4.825396825396825462e-01
4.833597464342313521e-01
4.825949367088607778e-01
4.818325434439178490e-01
4.810725552050473253e-01
4.818897637795275801e-01
4.811320754716981174e-01
4.819466248037676537e-01
4.811912225705329282e-01
4.804381846635367714e-01
4.812500000000000111e-01
4.804992199687987409e-01
4.813084112149532690e-01
4.821150855365474164e-01
4.813664596273292129e-01
4.821705426356588942e-01
4.814241486068111531e-01
4.822256568778979791e-01
4.814814814814814548e-01
4.807395993836671710e-01
4.799999999999999822e-01
4.792626728110598866e-01
4.800613496932515378e-01
4.793261868300153217e-01
4.785932721712538029e-01
4.778625954198473247e-01
4.786585365853658347e-01
4.779299847792998213e-01
4.772036474164133568e-01
4.764795144157815132e-01
4.757575757575757680e-01
4.750378214826020962e-01
4.743202416918428921e-01
4.751131221719456788e-01
4.759036144578313032e-01
4.766917293233082775e-01
4.759759759759759623e-01
4.767616191904047729e-01
4.775449101796407358e-01
4.768310911808669728e-01
4.776119402985074536e-01
4.769001490312965719e-01
4.776785714285714524e-01
4.769687964338781838e-01
4.777448071216617298e-01
4.770370370370370372e-01
4.778106508875739622e-01
4.771048744460856805e-01
4.764011799410029502e-01
4.771723122238586412e-01
4.779411764705882582e-01
4.787077826725403829e-01
4.794721407624633613e-01
4.787701317715958860e-01
4.780701754385964786e-01
4.773722627737226332e-01
4.766763848396501357e-01
4.774381368267830994e-01
4.781976744186046679e-01
4.789550072568940497e-01
4.782608695652174058e-01
