2.500000000000000000e-01
2.403303317082954305e-01
3.580220617281152928e-01
3.381956678032583818e-01
3.789693954571243806e-01
3.935491281596134594e-01
3.868533009121849497e-01
3.644158955238651076e-01
3.369173724130181125e-01
3.140415132426915834e-01
3.428691814811360428e-01
3.785213053163674624e-01
3.737290026698190104e-01
3.509458034272814886e-01
3.881721602392091963e-01
3.669547654083527011e-01
3.522150286484078130e-01
3.382757805261614736e-01
3.373378455949745391e-01
3.454349522637706893e-01
3.591751154013049785e-01
3.456478923835072936e-01
3.419278533532213449e-01
3.405629023883129936e-01
3.484610418355632011e-01
3.458306825823032060e-01
3.454983789632861679e-01
3.403771408050914049e-01
3.359533392214131831e-01
3.372966683967464907e-01
3.324143621890275901e-01
3.334488705171639311e-01
3.313510916737885670e-01
3.262113415072521727e-01
3.217211117200146631e-01
3.187798323022984492e-01
3.139064526371816988e-01
3.077260478552460432e-01
3.079363986475159853e-01
3.060440875805474636e-01
3.058136350663548941e-01
3.038432694572673620e-01
3.008616241885934683e-01
3.118007575362615191e-01
3.105078220123949628e-01
3.124166373453153844e-01
3.066898634925432909e-01
3.106182878993680729e-01
3.170035293180957225e-01
3.200138905491966557e-01
3.165660789528583208e-01
3.123002257046782471e-01
3.104785678749845679e-01
3.127439280334633476e-01
3.097526721740859745e-01
3.095105472916474532e-01
3.114089126616318981e-01
3.180987534777586778e-01
3.170633668643358383e-01
3.185138674924318236e-01
3.157195922708737612e-01
3.194705920180775927e-01
3.154275376978795120e-01
3.219523591056557832e-01
3.188623124143329379e-01
3.158595686522460699e-01
3.157743756384856493e-01
3.219221092521615812e-01
3.231921300500205096e-01
3.213735083643416424e-01
3.188543865763622809e-01
3.163421986605667868e-01
3.133712102078632378e-01
3.135582232006909331e-01
3.154375774666368648e-01
3.194442335967987434e-01
3.167035252303198600e-01
3.139148442938112238e-01
3.155823414739752919e-01
3.130434218094639287e-01
3.122499600314208035e-01
3.094534030468910624e-01
3.057601281521463710e-01
3.111981450476484223e-01
3.104217499681741210e-01
3.068858272766648021e-01
3.113603871831819858e-01
3.079224783694465284e-01
3.052047991841007613e-01
3.074995136970837262e-01
3.058037323584337774e-01
3.118372544819638104e-01
3.098566533027281578e-01
3.071166339709960891e-01
3.134135509529464292e-01
3.164810678465102001e-01
3.209160586253255176e-01
3.181048234724312973e-01
3.149252407623444605e-01
3.176866528286009794e-01
3.149137343082238916e-01
3.119496285654995704e-01
3.142521390640516388e-01
3.149684849434449263e-01
3.176025516478953592e-01
3.168131019369948009e-01
3.158172699772940906e-01
3.185981864000980157e-01
3.218453136615175847e-01
3.232748215823712523e-01
3.218031609582068242e-01
3.191959736643380507e-01
3.181483740463580401e-01
3.159996881609137276e-01
3.135219856831520935e-01
3.109836526215115637e-01
3.146123877880358521e-01
3.167401707214783091e-01
3.146394650414108263e-01
3.164790311398674727e-01
3.150454903226633796e-01
3.141912081293421477e-01
3.155222933445084310e-01
3.171128475301688843e-01
3.168879166789957402e-01
3.158190048400619232e-01
3.155808570508821798e-01
3.173169954280912752e-01
3.166611826898199089e-01
3.160685457483253802e-01
3.175179770767045939e-01
3.178694210646909601e-01
3.182264945113227883e-01
3.175831334950074969e-01
3.167825625874642337e-01
3.169478348988291061e-01
3.172513562198202020e-01
3.166528767563406843e-01
3.153027072853289425e-01
3.144010710224696137e-01
3.146035093743060895e-01
3.193233184444421724e-01
3.237758584902903913e-01
3.219680763665807022e-01
3.221083181869552337e-01
3.216333757931383319e-01
3.203212189249270980e-01
3.206835989170624401e-01
3.188028656927454629e-01
3.179992647368638514e-01
3.165834663846216479e-01
3.162612012288176233e-01
3.142652177284911419e-01
3.158992962151976336e-01
3.172813289359973088e-01
3.203903486719737459e-01
3.186996340187585597e-01
3.170291319215999826e-01
3.151346607495368324e-01
3.190765841680487935e-01
3.185079321375013373e-01
3.223278210205666183e-01
3.208803738319012111e-01
3.207892360196504811e-01
3.211299193957835030e-01
3.236818953614096772e-01
3.253761070320652093e-01
3.238863692002596495e-01
3.228182468814508876e-01
3.209531192135048339e-01
3.237791283539896980e-01
3.223701578043055016e-01
3.222828823551060484e-01
3.204937867830097709e-01
3.195819379536706806e-01
3.191901211473388011e-01
3.217743821895133749e-01
3.199786083679903581e-01
3.206122174399971825e-01
3.199559862663304277e-01
3.206456377624791743e-01
3.189916884857511015e-01
3.209358969735351397e-01
3.243992614169354805e-01
3.275810949560274410e-01
3.266754743645857162e-01
3.273847182690752255e-01
3.261700376948555302e-01
3.294768351971166798e-01
3.301164170277235965e-01
3.332027100981626577e-01
3.314837697343024359e-01
3.317455689235299654e-01
3.330285338852712607e-01
3.328577123670371507e-01
3.313015514567868025e-01
3.297797576759138316e-01
3.311192165637220630e-01
3.295280244141287618e-01
3.280998148198099873e-01
3.270684402217508557e-01
3.291326909932990041e-01
3.314717639600243126e-01
3.333315680268079118e-01
3.356971433528588844e-01
3.345414721233060940e-01
3.368653963296852627e-01
3.384605095647061357e-01
3.372949744784830006e-01
3.368198271774134334e-01
3.380261892209414087e-01
3.372950505905079055e-01
3.365786654535873335e-01
3.378556648000090590e-01
3.400731721787252360e-01
3.386340507867917626e-01
3.382807543467230005e-01
3.396881266311398417e-01
3.381918570073916275e-01
3.379020566086013977e-01
3.387621618960647840e-01
3.379005938986275326e-01
3.368716807019136450e-01
3.369757747093773403e-01
3.359302406213939274e-01
3.369265008650647042e-01
3.364227779836446719e-01
3.367876933241681914e-01
3.372735513969585264e-01
3.360827976761047720e-01
3.362168849191674025e-01
3.365921816336174821e-01
3.351670565571125415e-01
3.337348732118449179e-01
3.348567757040112336e-01
3.374018002240453673e-01
3.385738835831398341e-01
3.371821402748438889e-01
3.364409989655896549e-01
3.351968586392780614e-01
3.338653488716743500e-01
3.335835405840887891e-01
3.326681482689232139e-01
3.313474933391519217e-01
3.316730748167143195e-01
3.338340205605666022e-01
3.358411792038145105e-01
3.344978008717198747e-01
3.353404523399139414e-01
3.356204662511165782e-01
3.349621964653020090e-01
3.336361432213290623e-01
3.337678795459308456e-01
3.327101964402232048e-01
3.325271674250482867e-01
3.319228781333766198e-01
3.342508493124739521e-01
3.337975595218113378e-01
3.331302393287950414e-01
3.320593855367909852e-01
3.315038124237136841e-01
3.303825600133419305e-01
3.313182028845366722e-01
3.336218034297794288e-01
3.354248699019117264e-01
3.349444670464519769e-01
3.358015012598717375e-01
3.373337036798030875e-01
3.362106954942550852e-01
3.371988229241338342e-01
3.365440595916557864e-01
3.360388386807849348e-01
3.356973723518479891e-01
3.344754879755900134e-01
3.339535140485408449e-01
3.362021152317317130e-01
3.385915136644321310e-01
3.373741586775706458e-01
3.361650625059413033e-01
3.349907736996957652e-01
3.338003928261727982e-01
3.326843949456630423e-01
3.316566533886881607e-01
3.338580349160028549e-01
3.326942457813359399e-01
3.348277484252993874e-01
3.337740928863806023e-01
3.334471213770433540e-01
3.331486250005845640e-01
3.320064547708076463e-01
3.320772213742038126e-01
3.317065863765906730e-01
3.307612489887367113e-01
3.328990427833393162e-01
3.328012759536841392e-01
3.350361815092461892e-01
3.339845931865709217e-01
3.333685912173088850e-01
3.328016670373288299e-01
3.317604401576970674e-01
3.331701370626855008e-01
3.351717459612230665e-01
3.345674336719858255e-01
3.359981070641225309e-01
3.349704204855148415e-01
3.345708407580272881e-01
3.336238643460758824e-01
3.353984570109830865e-01
3.372338576045587621e-01
3.361567001777196473e-01
3.353220458785532987e-01
3.362957022041521693e-01
3.357133396333514819e-01
3.346446318270397402e-01
3.335931934982145908e-01
3.356134583094713686e-01
3.358756256108766935e-01
3.375188341785151369e-01
3.365852103831191711e-01
3.377464006958198484e-01
3.381533882102200628e-01
3.371042770720923953e-01
3.391370987511979629e-01
3.401798295697988639e-01
3.391839595237122751e-01
3.408512639476595774e-01
3.411145762823954430e-01
3.400747971209154841e-01
3.396538114365335037e-01
3.403334208495629176e-01
3.393081328017029663e-01
3.389526727017281860e-01
3.403352090919345985e-01
3.407228494647818184e-01
3.401920992399927735e-01
3.391947883239772032e-01
3.382096981363239552e-01
3.400950974786456360e-01
3.420130644412616716e-01
3.414398962128367687e-01
3.406150919929495369e-01
3.413419874391700470e-01
3.408002891782135890e-01
3.407641701553178470e-01
3.397922783483074416e-01
3.414313916660184911e-01
3.407902578732824317e-01
3.426077269111451606e-01
3.420306524791504321e-01
3.418894938194106392e-01
3.418562342739288051e-01
3.409150427087661583e-01
3.400144400505430986e-01
3.394060404908282869e-01
3.387916882700174326e-01
3.383569900730751812e-01
3.386795158375656145e-01
3.398632843369719936e-01
3.390040545063296440e-01
3.383133949325602408e-01
3.395400761689408298e-01
3.412474494497425015e-01
3.403122300281041790e-01
3.394374648926477001e-01
3.408434332205165784e-01
3.399581142073309636e-01
3.393170577915188835e-01
3.388238649557491766e-01
3.379366668954277286e-01
3.370441354692229607e-01
3.385741418101225753e-01
3.381461035037298113e-01
3.374639828710385148e-01
3.367441105479281327e-01
3.358854695077824748e-01
3.349923719442293168e-01
3.341512436778125150e-01
3.335509354546722371e-01
3.327244734854415964e-01
3.318799856831873285e-01
3.325296873247274854e-01
3.316864951587425447e-01
3.309485948938337696e-01
3.304644323606415468e-01
3.314513810136147098e-01
3.305978492564010107e-01
3.309284245003238367e-01
3.304443952848475918e-01
3.296450920185109990e-01
3.290160432694531623e-01
3.307290718911738980e-01
3.319603465224493233e-01
3.333096134095154817e-01
3.328744896328146852e-01
3.342802670324940828e-01
3.339253226129234031e-01
3.331434743479116944e-01
3.340620325467659746e-01
3.344301649307214186e-01
3.335953677690996488e-01
3.327642582460150211e-01
3.337580197364606871e-01
3.333009117821964518e-01
3.324956072730402279e-01
3.340460767555092914e-01
3.332244808711036232e-01
3.348356061085344670e-01
3.352566719009160701e-01
3.360893374957017454e-01
3.355168755132087455e-01
3.360230136459256833e-01
3.352142186200154361e-01
3.345020814048582647e-01
3.360842243021908704e-01
3.376827476668665673e-01
3.372913633123558186e-01
3.364839535171413321e-01
3.380026191366987121e-01
3.372680248178327456e-01
3.371323184694339226e-01
3.382823260449659974e-01
3.398349852325803222e-01
3.392269890425306800e-01
3.384413399443532144e-01
3.395362626491932323e-01
3.410496103032148452e-01
3.419527068138407677e-01
3.432006467926766446e-01
3.440536656974520491e-01
3.450265310116029105e-01
3.442279897778190989e-01
3.434317966190802984e-01
3.449458007803544168e-01
3.441536457572121344e-01
3.456440044770349718e-01
3.459155769116529777e-01
3.470646146175053737e-01
3.481973243152133857e-01
3.478943996472630418e-01
3.476424856751592074e-01
3.471429592106770046e-01
3.464961525171654788e-01
3.459608763503510542e-01
3.470357082015657624e-01
3.466506034676453130e-01
3.459875517689570690e-01
3.452137124647380872e-01
3.464891156902339953e-01
3.470729679260925460e-01
3.477357636242500161e-01
3.485009454326930545e-01
3.477665901199482601e-01
3.469990071447199287e-01
3.467750710139187453e-01
3.460155270282951889e-01
3.454353173962872448e-01
3.446980003821841221e-01
3.454585540926387033e-01
3.462071612474831306e-01
3.454942550456047701e-01
3.453149064906343990e-01
3.448064574281776706e-01
3.449209826758074526e-01
3.442521544261612498e-01
3.449741002640750454e-01
3.463579161299989440e-01
3.456606147356389158e-01
3.458567082033103257e-01
3.459623392781724371e-01
3.456618329981284155e-01
3.466689990757245710e-01
3.478415025573164399e-01
3.477464456567635476e-01
3.470224082519838271e-01
3.478099870402705518e-01
3.486082448372987419e-01
3.483871219853187928e-01
3.485216367980796814e-01
3.477988886934249013e-01
3.488729433339138319e-01
3.482646412285178572e-01
3.487122525030323383e-01
3.494984061808952269e-01
3.504001884342511919e-01
3.504906276433003010e-01
3.499211776099955817e-01
3.492361027672030160e-01
3.496255913332615983e-01
3.492884801478127743e-01
3.494183386705979055e-01
3.487070586011813411e-01
3.479990874784363308e-01
3.472973387110295240e-01
3.469219143762103941e-01
3.468096800619853148e-01
3.466117965672129153e-01
3.468502558365635369e-01
3.461538542319227973e-01
3.454611796910809218e-01
3.467101103687724728e-01
3.460296142352780602e-01
3.456375920840130123e-01
3.469182999199420525e-01
3.479172666450678353e-01
3.472283423059890906e-01
3.465593794250830806e-01
3.462651761856826438e-01
3.470878580392002810e-01
3.464145258086224755e-01
3.476354220614813473e-01
3.488886155036799441e-01
3.489836942266646425e-01
3.483095826727772848e-01
3.478814053464160949e-01
3.477958497927990944e-01
3.485200175578525017e-01
3.484149611609191344e-01
3.479790050770700804e-01
3.491198330187939569e-01
3.487023027854198598e-01
3.492547538451492573e-01
3.489229509528646855e-01
3.491908033594302019e-01
3.502640108638484517e-01
3.508038433134986755e-01
3.501888788136410802e-01
3.502530687130662179e-01
3.513791582127462343e-01
3.515750365532551713e-01
3.526653661938775608e-01
3.538067297269300027e-01
3.534825504959679954e-01
3.536795617058337560e-01
3.544087071905829278e-01
3.551072818401802555e-01
3.545260999525834955e-01
3.546097723713250160e-01
3.539879329113554407e-01
3.533325671796406775e-01
3.527628518324554818e-01
3.528386381443343045e-01
3.522810889044626914e-01
3.525028700402484949e-01
3.534178472752930178e-01
3.536707820675244474e-01
3.530260175124049216e-01
3.528328155831361723e-01
3.523067093182823961e-01
3.517446352412125221e-01
3.518900253943801348e-01
3.525410390311786712e-01
3.522329500556935500e-01
3.516205026573012149e-01
3.522163211825093954e-01
3.515819116903331487e-01
3.527311290238829833e-01
3.538468862049145569e-01
3.537559934754833657e-01
3.537183367427103597e-01
3.530867021214738055e-01
3.541465219128298592e-01
3.541823004187685808e-01
3.535570410694505727e-01
3.530393054895820115e-01
3.525437585154344022e-01
3.519638135306437654e-01
3.513840251047810614e-01
3.508702400926635989e-01
3.515540095581775049e-01
3.526148437439106109e-01
3.525194230786145577e-01
3.520279835487907794e-01
3.527125797544015118e-01
3.528028238511440318e-01
3.539246876576864764e-01
3.533122328720289529e-01
3.527246464464607878e-01
3.522079988359936853e-01
3.517995959130155170e-01
3.512235313420903338e-01
3.508015100498744210e-01
3.503022327067629726e-01
3.497179705575672592e-01
3.503025050318212541e-01
3.500083350041591768e-01
3.494416797020155063e-01
3.493824424813380403e-01
3.503288216225018403e-01
3.508237892039712258e-01
3.502380774037210931e-01
3.498079114533435008e-01
3.492188363108581495e-01
3.490885630588764776e-01
3.485011831522475956e-01
3.479828847984229312e-01
3.481957970827316284e-01
3.476895665421504411e-01
3.482059370395994002e-01
3.476253710231017591e-01
3.485119506470842898e-01
3.495707103153506412e-01
3.506398804742856257e-01
3.507841311741002888e-01
3.502035415219481584e-01
3.496755439930737119e-01
3.490985219192782596e-01
3.485259840155640609e-01
3.479679796361913602e-01
3.480159117425200010e-01
3.486491113931002861e-01
3.493833442899874075e-01
3.491951887578706448e-01
3.497332264015968750e-01
3.494811450980827572e-01
3.489187130862323460e-01
3.486232267194754320e-01
3.480714652150380117e-01
3.490536441355555630e-01
3.488044790384366989e-01
3.482420645877499221e-01
3.490814320820229688e-01
3.487410993623652478e-01
3.495120478224940097e-01
3.493492444450204681e-01
3.492544309201270902e-01
3.492533009885508410e-01
3.496406536113617625e-01
3.491129117507751900e-01
3.485617865895655476e-01
3.482211290000811199e-01
3.486744650218885355e-01
3.481565177263908906e-01
3.478188671033817236e-01
3.476193638464546432e-01
3.481147122555716678e-01
3.476156376016883431e-01
3.479869602444354282e-01
3.474435406705458917e-01
3.469551737508997369e-01
3.472598867647122556e-01
3.469249644670255872e-01
3.472094300846922388e-01
3.482183798846779643e-01
3.480629384648666336e-01
3.489445501819890549e-01
3.484103804781512603e-01
3.491451732028462152e-01
3.486678359844923025e-01
3.482001993031076381e-01
3.477063216782690369e-01
3.475309928226048561e-01
3.480918167342032521e-01
3.475587511757576853e-01
3.470444864323779521e-01
3.465305265160259496e-01
3.475131743980718890e-01
3.470290116468152664e-01
3.465205270410589566e-01
3.460406381380676244e-01
3.455797590904409744e-01
3.451726127736709504e-01
3.446536721123958369e-01
3.454681639000841686e-01
3.458347599299017583e-01
3.467949972656796387e-01
3.463712246909908532e-01
3.470133346601074753e-01
3.474191576371173928e-01
3.471021111310865215e-01
3.472471690196058947e-01
3.467657360953528833e-01
3.475415049815374080e-01
3.471049670892941696e-01
3.474697459027265567e-01
3.469553228639744025e-01
3.469619715296870521e-01
3.464511158134918611e-01
3.459432707846584187e-01
3.468593254896111255e-01
3.471125956347327901e-01
3.480070541025460651e-01
3.482186258680435298e-01
3.477089821429157346e-01
3.473628682430809911e-01
3.470384324841108148e-01
3.467852727260616885e-01
3.471022300095459867e-01
3.474345972476438060e-01
3.478378301246534132e-01
3.473640729645343095e-01
