5.000000000000000000e-01
5.197285523616973490e-01
7.703281909470500732e-01
5.279360624438225180e-01
2.637498345856969517e-01
6.829698321829879015e-01
4.112060314272791284e-01
5.446385415896221049e-01
6.580508992170879257e-01
6.711249770661311675e-01
7.944468917842026912e-01
8.778921730508326693e-01
4.376643609807064350e-01
7.659824509266585091e-01
9.535938105955786837e-01
7.793331856723664242e-01
6.588559827737123786e-01
3.182900602406124047e-01
5.660874639431698885e-01
2.934025339906051744e-01
2.037724080691558082e-01
2.481455399755464752e-01
4.900127504663173705e-01
5.560297026197627002e-01
7.334960044673506374e-01
4.707819908102117146e-01
4.196048890033241552e-01
5.504405372658329743e-01
4.605289294696088831e-01
6.133948275633008818e-01
5.687863917297353300e-01
3.954186335244947448e-01
4.859745447103062665e-01
6.042733443252124026e-01
5.888390838686886619e-01
5.354194874058647580e-01
6.278914342655093073e-01
7.188397771312132756e-01
4.379237340415674806e-01
4.819169596193680905e-01
5.446058524278383217e-01
5.277095390708397282e-01
5.809146591632102785e-01
8.844113813638918575e-01
5.036056581912753405e-01
3.688793084308403802e-01
2.079862165265422558e-01
2.962569822583431267e-01
2.103829298849825558e-01
6.837555051867164613e-01
6.202955107772034626e-01
6.921985866707333068e-01
4.644915077059135755e-01
6.578814607760568034e-01
6.150001873147080689e-01
5.442367855607731508e-01
6.463105858492185218e-01
1.636868529091586866e-01
5.069624673344269583e-01
6.356834153492558759e-01
3.847896554968568417e-01
2.595396184821842644e-01
7.455237342194760419e-01
1.438364012669289815e-01
3.479932817881256080e-01
3.473920323159418455e-01
5.569125934384101528e-01
8.566330961201819028e-01
3.600362945413014826e-01
4.425930546817218869e-01
3.775127301400719171e-01
3.714523611973536421e-01
3.153728612503142736e-01
4.279771231173433166e-01
3.258265852567062693e-01
2.126351269208539285e-01
3.292562670290797855e-01
3.149387435401462820e-01
3.324319349109245425e-01
3.353636359432412006e-01
5.012284914031541749e-01
2.879796647334333382e-01
9.460408785923992703e-01
1.267568795722919806e-01
5.048186561548068108e-01
7.957636896952360872e-02
8.343695459109599089e-01
9.393833921491726024e-02
2.570000600655101275e-01
7.153524343654438233e-01
3.913865249084838571e-01
7.215962163570632804e-02
6.427307110693021297e-01
2.286806422063623057e-01
9.514850220872014264e-01
7.796763256217675853e-01
1.358963179157288981e-01
2.131079858702970009e-01
9.423273446611403203e-01
7.688084594929962545e-01
1.939636106864256471e-01
1.121380780571158975e-01
7.410183600399959936e-01
3.765001118516930201e-01
7.691199444239755767e-01
4.836536801187761858e-01
4.585401642702854330e-01
7.849562049185438983e-01
1.799176517600031278e-01
3.078358684853571003e-01
3.999006030254572686e-01
1.726215051634722442e-01
4.481263402575152432e-01
2.705516274312695368e-01
1.762495481365045358e-01
1.381135421776372163e-01
8.576395904486043831e-01
2.478758254555006313e-01
7.416277979475178750e-01
2.682982869664667924e-01
3.781806344303910716e-01
4.591547263586370220e-01
3.086862582048626180e-01
7.160663463439757015e-01
4.624160613136552578e-01
4.268548054940143888e-01
4.656085371057738787e-01
2.666470363231286389e-01
4.824076618287556073e-01
4.895083046236647362e-01
7.112974411355593718e-01
3.967516402915718943e-01
6.044503200981264923e-01
5.183194852134168640e-01
4.577183205604426486e-01
5.824599530723828522e-01
4.012260394150259923e-01
5.155815958702205659e-01
3.591369102246408929e-01
4.348259772426562031e-01
5.856149576568266957e-01
7.620839933832169490e-03
2.222878698504496611e-02
2.519032208529659034e-01
5.850667827871313120e-01
4.972408840312299017e-01
3.588123690260463516e-01
3.884826594764845265e-01
7.988673360842906135e-01
4.452670236055009112e-01
6.771785113281635349e-01
4.827001230404205367e-01
1.042867473789335919e-01
7.522720948442032096e-01
7.280895329141519046e-01
8.957055362943336929e-01
2.344102133380347730e-01
2.340091935538134438e-01
1.257307264099070954e-01
2.745570398492924030e-02
4.769943471886343711e-01
9.681580094148254378e-01
7.060715575720842851e-01
5.531128028013655440e-01
6.140048803402221589e-01
8.629935861231681216e-01
7.788550855973632725e-01
2.740440681509740961e-01
6.213528062673916441e-01
7.580595841111366362e-02
8.967723692422812087e-01
2.853702749206877831e-01
5.543207601134880758e-01
1.047867014957244436e-01
5.988513471932382926e-01
5.006217934122044744e-01
8.812515677218578647e-01
9.538844716129576407e-01
6.583271468329534581e-01
4.499895623011562207e-01
3.330795346750451968e-01
8.599040707302192388e-01
1.785489413542451775e-01
2.112566968011723306e-02
4.446953677606464012e-02
6.010818819007204272e-01
3.222802315823150021e-01
6.853179853951403278e-01
9.752716368387942536e-01
6.715633871887521922e-01
4.104307005914879791e-02
5.626864346131998235e-02
3.819296049354757305e-01
7.619978815596164523e-01
4.525346240814674403e-01
1.668837138787653274e-01
8.224945729708168507e-01
7.713576456235785583e-01
1.202995377989873466e-01
2.094901084786077450e-01
6.524463773603942363e-01
1.374183539661382458e-01
8.966406767699796054e-01
8.431321329328366199e-01
9.045852695391756182e-01
6.875438109670798381e-01
9.689768971406485798e-02
8.177095751023401027e-01
3.079994749087319184e-01
5.126458769499493417e-01
7.690007921724237860e-01
4.278139777625822315e-01
5.702267848894876368e-01
2.190668878912574169e-01
9.025628793740569922e-01
8.290527814760240144e-01
4.881711972818815193e-01
1.968263498161769154e-01
1.095676915439234012e-01
5.238661749660334932e-01
7.266259871061602205e-01
3.840495625111262634e-01
3.293219564976710423e-01
3.998427386311321219e-01
3.189523552399404771e-01
2.509438901584283288e-01
5.282146602715122041e-01
6.477835098418236459e-01
6.693647675170656397e-01
2.517939546545754359e-01
3.941477483548007643e-01
3.493958786853526566e-01
9.326350327844292742e-01
9.939871999452388751e-01
7.729048834565031001e-01
9.672034751964487809e-01
7.843376545400777555e-01
9.143321751839958988e-01
4.000617044445490822e-01
8.054561215282987074e-01
8.804048301694946677e-01
4.845703313972267168e-01
6.666185248115044093e-01
8.978807295133357513e-01
6.411824664960382725e-01
7.087905641710597060e-02
8.917498637619532265e-02
9.481989107805024464e-01
2.622208891192100988e-01
3.633337372370207818e-01
5.872110103071254139e-01
9.717727262366684382e-01
6.057767190521432532e-01
2.551790953353786362e-01
5.348250158422268585e-01
4.216978880159274468e-01
9.644747125567252333e-01
5.338432845903434698e-01
4.012002362045557491e-01
2.338979551166731619e-01
5.675016728083288609e-01
1.942567396676692371e-01
7.592474136522151529e-01
9.692619598584392149e-01
9.007965466989952263e-01
4.556728106323859051e-01
7.508479220385039232e-01
1.360371826279422325e-01
8.122648094592146428e-01
7.765340311676747209e-01
3.996973352708190763e-01
5.537669086287053677e-01
4.927662030628671697e-01
3.001754915317911276e-02
5.630415831717355823e-01
9.770196725804617399e-01
9.677277035853267591e-04
1.291616494741515235e-02
6.027171224280393307e-03
8.581489822402448009e-02
9.777795535655924297e-01
8.618370870225203761e-01
2.045324774253972078e-01
9.781865911706487671e-01
9.533295432212299803e-01
2.898197650359011363e-02
1.800794512308799833e-01
4.894959634126267445e-01
5.028263195014890385e-01
9.561906589264101974e-01
4.061990768286891651e-01
5.268702058936117760e-01
2.339289031637360183e-01
2.057536042740861978e-02
5.514143886724852672e-01
9.971626348796092110e-01
1.507131370342486287e-01
3.878350246515705479e-01
5.952059024599425374e-01
1.429461547149925849e-01
8.695281528272709171e-01
9.683264038644365801e-01
3.899552824649805127e-01
8.772070136983304289e-01
1.501788952841668079e-01
4.611930440437284617e-01
2.094017246560984369e-01
9.381888962983450098e-01
4.998039997805840684e-02
5.757651677924875699e-02
2.767294945194753719e-01
7.994390655111827115e-01
6.075510000732137206e-01
1.179357670373262952e-02
5.866479563683842102e-02
9.858990180821478599e-01
6.470861556662806935e-01
7.349260654870491682e-02
1.992306287878272963e-01
1.584739395316739907e-01
6.843897959630125261e-01
9.815717137773755097e-01
9.968478717553689306e-01
8.227890883925752519e-01
1.285381833995185297e-01
9.395345665437416782e-01
6.534174755899122555e-01
8.186044036238501742e-03
5.510339578996783505e-01
2.490506556789288395e-01
3.103348204658048018e-02
4.704204285637175742e-01
1.059433515484275445e-01
6.854247541655481557e-01
4.036353851689200578e-01
7.138369182644400956e-02
8.496702351400632625e-02
9.876612151142913909e-01
4.868904211370217623e-03
3.835829333753152381e-01
2.453195003078134095e-01
7.676023284229765986e-01
3.943849438443548516e-01
5.730404394997521411e-01
9.260980599934969248e-01
4.767364507941553031e-02
6.550971650064217888e-01
1.345578758500617575e-02
3.757775274613933680e-01
4.590516461156303185e-01
5.746437099240674362e-01
1.027463057081019621e-01
8.483348940724074749e-01
3.530453170791281736e-01
3.482972898300679687e-01
4.289978206920968540e-01
3.265768878363684569e-01
8.731945021729421441e-01
8.228001830238428349e-01
3.006103922843613718e-01
1.161757407346550725e-01
9.785750884930398685e-01
4.198570465070630003e-02
1.479787847022566993e-01
7.662797066145540792e-02
1.296791208891199532e-01
6.764410260797958374e-01
6.027317100141502682e-01
1.069943021713557901e-01
9.122501327655827552e-01
9.511448301615179624e-01
4.234901319181057500e-01
2.893356312483508219e-01
7.387879519858637778e-01
8.785351059222386017e-01
8.988081652994459048e-03
8.662576525363641089e-01
3.274671515294308999e-01
1.425547232336712433e-01
8.912842760736668923e-01
7.611940035956695771e-01
1.021287418823738913e-01
2.215190594478968489e-01
6.191717156670334399e-01
8.428758293813711777e-01
4.458836988621329989e-02
3.228512211821432110e-01
3.783187662481913294e-01
1.396976187339866171e-01
7.096276874667013512e-01
5.950598669843032472e-04
9.811933863113900256e-02
7.144077564249430579e-02
4.023317603538601461e-01
9.424205868433421784e-01
4.401389290695804091e-01
1.534000045739344620e-01
8.359004949704856857e-01
3.064966807974071616e-01
9.773880500181512110e-01
1.790108969248961970e-02
8.557198007556024999e-01
3.867085649012023119e-01
9.107929930831052401e-01
9.800182384389684032e-01
2.186658836686414253e-02
5.539114642788336811e-03
2.882202240859586539e-01
1.779191644562757024e-01
3.184021430103537997e-01
7.372514144169876049e-01
5.290995152978179156e-02
2.027351690263090866e-01
9.947407908096281837e-01
2.643246124465446225e-04
4.181708456963386111e-01
2.452506285269583086e-02
9.855385241035099497e-01
1.738033357903636389e-01
5.294066097909044810e-01
9.375196123332096843e-02
9.967469604760329505e-01
7.125063533892252998e-01
9.218221807970771176e-01
8.965397311337267583e-01
7.920183018319825602e-03
8.524504796998433331e-01
9.359866546888345740e-01
8.421079247586474859e-01
1.268529615337828653e-01
9.707551842066418635e-01
9.834910568891537253e-01
9.994976730592193270e-01
9.660806731111808432e-01
9.962227104820334800e-01
6.812118510202863630e-01
7.910638270798926730e-02
9.182545737504365091e-01
5.360890224568782836e-01
5.131198793115957502e-01
6.431368401774865129e-01
7.525037360310066203e-01
6.692904437148126107e-01
9.270389712637418234e-02
5.808769851142017160e-01
7.743242462011179494e-01
9.909787593362141545e-01
9.573893447740434715e-01
7.801530424158734656e-01
1.966750146441826608e-01
8.323657604875802640e-01
8.712663832868329239e-01
9.928234868139361735e-01
5.046899922665006866e-01
9.656116654195695537e-01
7.146231704698643439e-01
9.079052555726021545e-01
8.324851949256388828e-01
8.301019444419149851e-01
1.351677046613910527e-01
4.873455635573984979e-01
6.677178313005819321e-01
3.692610309479860686e-01
1.859695535295214641e-01
8.245950333685491129e-01
9.949031579930817104e-01
8.560619405304238372e-01
3.386133070541456624e-01
6.288065539684408733e-01
5.475352083780757884e-01
9.444102591497968713e-02
5.126893041962846120e-02
4.496550276455875128e-01
9.325261844033982950e-01
8.491892207795619374e-01
8.531006379236165671e-01
4.930848247947425267e-01
6.424057926926097783e-01
9.517786907224742299e-01
9.291636648772335638e-01
2.372332831591149327e-01
7.510081727548072461e-01
8.534778725373007857e-01
8.865444246089222435e-01
3.720961818693066525e-01
2.715472545565831286e-01
1.276312233350821446e-01
7.343749199174599562e-01
4.298583739428372130e-01
6.425878588275275582e-01
1.340986901749084866e-02
1.962819937291816752e-02
9.548674712999587477e-01
4.022905881454300059e-01
5.397832239286395328e-01
5.013423352089598772e-01
3.179984945511556971e-01
6.500517323113322483e-03
2.256675324017044099e-02
1.515152508781425142e-02
9.239635121269060836e-01
3.863088069151845994e-01
5.096168689491348443e-03
7.782998889396269826e-02
3.236573855970301117e-03
9.345118815488850927e-02
5.557046736132843501e-01
1.258217814583798277e-01
6.604356649309786609e-02
1.558564884158799083e-02
6.009421058249370638e-03
3.694693332819802833e-01
5.625359617346561980e-02
3.580871917886794265e-01
5.511989615680332744e-01
8.493917921432546647e-01
4.575925329207677916e-01
6.498718667014439232e-01
3.042859632117089763e-02
6.366762990606531503e-01
2.021721332866118492e-01
4.195874689175539407e-01
6.992923277046683150e-01
9.547520807385501129e-01
7.960377170274102188e-01
1.653254862034346795e-01
6.196910164030814405e-01
2.797719957600113688e-02
3.254640110846617196e-01
3.592025947896267807e-02
2.085271677611453059e-02
4.258443129304216312e-01
3.228814539872832401e-01
8.619995652910236172e-01
8.533147981402611215e-01
7.912087403929279894e-01
6.320270475357917528e-01
1.416338339087084841e-01
9.726905965443218838e-01
7.862565095737096277e-01
6.275055749225764146e-01
2.250487727891887224e-01
3.124621860318021471e-01
7.790971922243883352e-02
7.009046361962798510e-01
4.036502164307060464e-02
5.026625268468029040e-01
2.540208307270230836e-01
2.091125080116432722e-01
6.570458275367352385e-01
1.570299297896936841e-01
4.271720081693075044e-01
8.835975140096026248e-01
8.256536596071223366e-01
1.091114222595720301e-02
4.737849034720171756e-03
1.298030472614838081e-02
4.494287119888252802e-01
5.768066225828053506e-01
1.717221664299084169e-03
2.652909387481334341e-02
3.882369394525277961e-01
4.648964134854099983e-02
2.481011366834241227e-01
7.297126249782139862e-01
1.558682043391078909e-01
1.523934908929894527e-01
2.440371656573120662e-01
8.601947837380009565e-01
2.213012346936314712e-02
5.460124942342181598e-01
2.672377443764151206e-01
8.627291633900651124e-01
3.639868780562452444e-01
1.063309006497469142e-03
9.660775720362251295e-01
1.194774678305117327e-01
7.674009295020752797e-01
3.402097976714090199e-01
1.329742259853398112e-01
3.256211918236489034e-01
2.454019078144968891e-01
9.837377559935249483e-02
1.686841132746878247e-01
5.778471380536037705e-01
1.339713698815843401e-01
5.609540365879802648e-01
4.823670091475097677e-02
1.988353932505535215e-01
7.248328811792480175e-02
3.098548058858105470e-01
9.672062947805142308e-01
5.215043603707539832e-01
9.864022604333392286e-01
7.997160450095659456e-01
6.891143636918286575e-01
2.144205315630023090e-01
1.897660066273314239e-01
9.788601523770342760e-01
9.378556101088364461e-01
9.923842558581498219e-01
9.965997922908959028e-01
6.615308401446632347e-01
9.896085961397775854e-01
8.246003519019511341e-01
4.089902772320520115e-04
9.604018388716453192e-01
9.037746324664043263e-01
6.141324225200307518e-01
8.568942166898487756e-01
8.928972009089997108e-01
4.839753698635405055e-01
1.759779952197758068e-01
4.415374344763147163e-01
9.401213075451763101e-01
5.914671235213083689e-01
9.047860786718914250e-02
9.772707087060876763e-01
4.413846950438832795e-01
1.036916643986011619e-02
9.324640896738437545e-01
6.293323854786507798e-01
9.105174298290926727e-01
4.979184072506269709e-01
4.613992281971168175e-01
4.096212285715172818e-01
7.694955461150975173e-01
1.349769060358839423e-01
4.954982694110714875e-02
6.340116050823934035e-01
2.035854353663770766e-01
8.539459885269693462e-01
6.333616586312824648e-01
5.295387346320302724e-01
1.862644141763415417e-01
8.247766214633907023e-01
7.642958596195478238e-01
9.641493081950253119e-01
8.119120444667899950e-01
7.361871382949480846e-01
6.358919199638888298e-01
7.277031613295232848e-01
2.019964390303867312e-03
4.981105354499023030e-01
4.255418116281131646e-02
9.377832699128013649e-01
9.076460066324455456e-01
8.004238097630730353e-01
2.125361846036010194e-01
8.351371989865116197e-01
5.167120561808848933e-01
8.445046969583613894e-01
8.407903390108939338e-05
1.059698495110129035e-01
8.980159756539274341e-01
4.436070792975239582e-03
1.715174825564627081e-01
1.115622743544436718e-01
8.260064944608739301e-01
7.954016942775996579e-01
2.765068601417657868e-01
9.595785328129607938e-01
5.943542095731716574e-02
2.326096640568249829e-01
9.921656052404648207e-01
2.540914451982263511e-01
1.198530951643372172e-01
2.138046786563013446e-01
6.321480663330828476e-01
6.665514957143412467e-01
1.555817368648039489e-01
9.317094115717349245e-01
2.318437049001586536e-01
2.299572171997563141e-01
9.846965773437306169e-01
4.071679657055070067e-01
3.335643364559631036e-02
9.538243975198418267e-01
9.838416617767027361e-01
2.795258337925257686e-01
9.778746403376940011e-01
2.983597801067772171e-01
1.148745427701780390e-02
6.668827914143075075e-01
6.462707626609007772e-01
4.163782396600889113e-01
7.513553929265345266e-01
7.587956838443523644e-01
2.092648676660013862e-01
8.552747788308174837e-01
