0.000000000000000000e+00
2.062994740159001528e-01
3.066387256493652291e-01
3.700394750525633492e-01
4.151964523574268040e-01
4.496787918508954873e-01
4.772420414252898091e-01
5.000000000000000000e-01
5.192501432308638254e-01
5.358411166387221369e-01
5.503556869773909010e-01
5.632097676318505997e-01
5.747096297170097845e-01
5.850867333168782158e-01
5.945198669617733911e-01
6.031497370079500486e-01
6.110888812671796400e-01
6.184285858155560422e-01
6.252438232156845022e-01
6.315968501359613407e-01
6.375398756657025823e-01
6.431170722481959201e-01
6.483661130830407071e-01
6.533193628246826146e-01
6.580048106646605444e-01
6.624468094104181137e-01
6.666666666666666297e-01
6.706831219958252488e-01
6.745127352623323524e-01
6.781702051314567603e-01
6.816261393810714164e-01
6.850445401510187882e-01
6.883214026266436525e-01
6.914666536251007356e-01
6.942035412115917792e-01
6.971195466271413732e-01
6.999279609756510201e-01
7.023723723799514262e-01
7.049920025456942740e-01
7.075222439169261968e-01
7.099682898657569963e-01
7.120968184856918404e-01
7.141613955854361206e-01
7.163925960215430377e-01
7.183338871170894535e-01
7.204380494449567074e-01
7.222683102144187295e-01
7.242576686328600077e-01
7.261915694568845669e-01
7.280726559571042422e-01
7.297073168618846140e-01
7.313014780690849648e-01
7.328568709303674433e-01
7.343751227215432609e-01
7.358577646432180597e-01
7.374848105055183956e-01
7.390727833707988470e-01
7.406232912536491186e-01
7.421378494396265735e-01
7.436178873101274567e-01
7.450647545599077270e-01
7.464797268703424749e-01
7.477052809353157414e-01
7.490624999999999645e-01
7.502373343150192664e-01
7.513893227994596913e-01
7.526684889177377435e-01
7.539219222456200464e-01
7.551505123922008789e-01
7.562122486115153697e-01
7.572548180620282121e-01
7.584177097881664720e-01
7.594218170243227650e-01
7.605436663569892231e-01
7.616450419036557840e-01
7.627265865452543814e-01
7.636590446348133776e-01
7.645762039976192748e-01
7.656050828544251896e-01
7.666163527361674612e-01
7.676105325507103228e-01
7.684661684587270614e-01
7.693086272609783727e-01
7.702573093133581184e-01
7.711907052434011645e-01
7.719929603444315447e-01
7.728983770636822515e-01
7.736760650538084816e-01
7.744425923498795550e-01
7.753093486951062596e-01
7.760531596409337984e-01
7.768953388623129896e-01
7.776175758114917125e-01
7.783300007593579872e-01
7.791381088903041041e-01
7.799346683110993661e-01
7.807199636499001505e-01
7.813922288255270576e-01
7.820558313687568930e-01
7.828109656868434962e-01
7.834568298988359158e-01
7.840946158004339361e-01
7.848215867941265023e-01
7.855389590176120596e-01
7.862469511714693660e-01
7.869457749243373712e-01
7.876356352035337460e-01
7.883167304710496648e-01
7.889892529857841508e-01
7.896533890528273369e-01
7.902192291704507321e-01
7.907786472775690800e-01
7.913317704847722123e-01
7.918787223293564104e-01
7.924196229050186613e-01
7.929545889858010677e-01
7.935692042300539484e-01
7.941766603918347656e-01
7.946930678838037831e-01
7.952040008127444493e-01
7.957922050719021811e-01
7.962918125934058677e-01
7.968675532800909567e-01
7.974369082960784949e-01
7.980000000000000426e-01
7.984775823581510279e-01
7.989503861418094655e-01
7.994966198189353834e-01
8.000370285444122764e-01
8.004947965819684264e-01
8.009481259514812379e-01
8.014728493806101417e-01
8.019169554544937073e-01
8.024314783113600802e-01
8.029407552038767548e-01
8.034448785801951987e-01
8.039439385851293585e-01
8.043655593659436720e-01
8.047833330918569006e-01
8.052687496587076499e-01
8.057494272575248528e-01
8.062254458770762300e-01
8.066968835967701645e-01
8.071638166453668495e-01
8.075573539402451928e-01
8.079474784266416076e-01
8.083342418318231193e-01
8.087852623348278369e-01
8.091650008537236705e-01
8.095415329482230637e-01
8.099149059448872423e-01
8.102851661759743473e-01
8.106523590064675933e-01
8.110814639251388014e-01
8.115067515032031720e-01
8.119282804700881373e-01
8.123461082768899111e-01
8.126969999929929411e-01
8.130450978733820833e-01
8.134529408173009069e-01
8.137951787540317339e-01
8.141964704465981528e-01
8.145330169592388536e-01
8.149279414615437922e-01
8.153195643125350500e-01
8.157079332622862999e-01
8.160930950835165731e-01
8.164155717878561758e-01
8.167356365031589460e-01
8.170533207905197326e-01
8.174271351549259323e-01
8.177398109335177745e-01
8.181080048930019499e-01
8.184158071168768922e-01
8.187785286223081549e-01
8.190815871264933712e-01
8.194389786063190906e-01
8.197374183560690586e-01
8.200337510600156365e-01
8.203280027515358341e-01
8.206754476244674246e-01
8.209653100045807284e-01
8.213078148903444342e-01
8.216477477152356323e-01
8.219851419015897775e-01
8.222662668159863575e-01
8.225989690523112241e-01
8.228760347377448436e-01
8.232041593846313177e-01
8.235298976418031769e-01
8.238532795459021507e-01
8.241222512648845866e-01
8.244412783054936300e-01
8.247580331576505053e-01
8.250212617805884330e-01
8.252827970333229679e-01
8.255426579905194018e-01
8.258513684710412361e-01
8.261076830480793554e-01
8.263623812790069634e-01
8.266154810129765496e-01
8.269165047686164449e-01
8.272154771547758356e-01
8.275124223671571633e-01
8.278073641972646390e-01
8.280517823517974385e-01
8.283430217289896591e-01
8.285842475812339458e-01
8.288240191898027520e-01
8.291099709584092148e-01
8.293940475989143302e-01
8.296291005853823064e-01
8.299097119380887122e-01
8.301885089294896991e-01
8.304190002402762616e-01
8.306481481481482465e-01
8.309220493196788349e-01
8.311942115437069845e-01
8.314189918327777873e-01
8.316879407581970751e-01
8.319552053099408262e-01
8.322208037513567636e-01
8.324399110159059756e-01
8.327024311022191982e-01
8.329188919830777804e-01
8.331783964017788202e-01
8.334363184624410392e-01
8.336926748714573732e-01
8.339038139630248203e-01
8.341572780544544985e-01
8.343659334459448962e-01
8.346165625755441742e-01
8.348227842731368309e-01
8.350278991361332892e-01
8.352319175764297832e-01
8.354772227475386615e-01
8.357210943258945868e-01
8.359215300119692271e-01
8.361209125167234912e-01
8.363609182067378578e-01
8.365580504303892218e-01
8.367954819351205442e-01
8.370315596118640400e-01
8.372662968277255757e-01
8.374588904362433306e-01
8.376505016004104354e-01
8.378411391058375735e-01
8.380308116260196671e-01
8.382596883667622345e-01
8.384872958551482514e-01
8.386738056419217324e-01
8.388593865823936735e-01
8.390440467865807328e-01
8.392277942634425170e-01
8.394498526087891266e-01
8.396316450755093586e-01
8.398514599495586763e-01
8.400700927001528706e-01
8.402489442963750887e-01
8.404269326395555906e-01
8.406423792117719840e-01
8.408185166408020939e-01
8.410318363966773347e-01
8.412440346466552032e-01
8.414551216002711387e-01
8.416651073353332846e-01
8.418740018001185099e-01
8.420818148155214677e-01
8.422513813559714402e-01
8.424571981204079796e-01
8.426619611385873787e-01
8.428656797537268375e-01
8.430317331549831428e-01
8.431970278617794134e-01
8.433979335902951346e-01
8.435978292098189613e-01
8.437967235159358204e-01
8.439586539726399161e-01
8.441198582413601548e-01
8.442803420343673038e-01
8.444401109997826671e-01
8.445991707225134482e-01
8.447575267251703490e-01
8.449503957365751550e-01
8.451072370739154405e-01
8.452983567931106057e-01
8.454537082680916305e-01
8.456083844246817804e-01
8.457623904125325387e-01
8.459157313252267940e-01
8.461027764622398584e-01
8.462546845992187095e-01
8.464059434165503992e-01
8.465905713885758521e-01
8.467404308208204000e-01
8.469234399472849173e-01
8.470719221570844892e-01
8.472197804044473424e-01
8.474004641054713183e-01
8.475469766969467855e-01
8.476928797222496037e-01
8.478712902135410179e-01
8.480488814261389896e-01
8.482256598741862996e-01
8.483688451131585762e-01
8.485114446900401397e-01
8.486534628078272746e-01
8.487949036264422764e-01
8.489681337228516256e-01
8.491083278584128369e-01
8.492801119339877802e-01
8.494190781959241043e-01
8.495894375307383450e-01
8.497271943274212758e-01
8.498644037233175075e-01
8.500327151048331364e-01
8.501687412832092949e-01
8.503356785663530593e-01
8.504705389923271630e-01
8.506361219584631650e-01
8.507698337327983529e-01
8.509030258566051552e-01
8.510666616261322037e-01
8.511987294913501145e-01
8.513302888227233245e-01
8.514920179031337799e-01
8.516530576753061910e-01
8.518134132255613666e-01
8.519426944502385135e-01
8.520714856796987036e-01
8.522300016535560019e-01
8.523878521228631655e-01
8.525450419249321898e-01
8.527015758472303864e-01
8.528574586280441849e-01
8.529829330523696074e-01
8.531079422953559144e-01
8.532620751827277861e-01
8.534155743669573635e-01
8.535390325944415268e-01
8.536913641116777862e-01
8.538138350526170983e-01
8.539358600583090153e-01
8.540865117462064227e-01
8.542075691452206687e-01
8.543570913024249869e-01
8.544771942279715260e-01
8.545968661685440226e-01
8.547447631339912810e-01
8.548634993577890473e-01
8.549818131342487026e-01
8.551281161925896601e-01
8.552455124867547331e-01
8.553907432204230776e-01
8.555072342096318172e-01
8.556514064920948126e-01
8.557670041251607129e-01
8.558821986128581916e-01
8.559969924232943006e-01
8.561113880029892487e-01
8.562253877771196509e-01
8.563666184591548491e-01
8.564797577134984907e-01
8.565925087302872498e-01
8.567048738482759829e-01
8.568168553860895376e-01
8.569284556424487942e-01
8.570396768963913781e-01
8.571505214074921497e-01
8.572609914160768119e-01
8.573980433213346242e-01
8.575345802328988576e-01
8.576706055001533935e-01
8.578061224416031472e-01
8.579144676785743773e-01
8.580490487242304898e-01
8.581566056427889500e-01
8.582902622062100750e-01
8.583970406209675552e-01
8.585034681275528490e-01
8.586357934698050087e-01
8.587414565087011509e-01
8.588728846829288832e-01
8.590038343164300150e-01
8.591343084250470108e-01
8.592643099976786658e-01
8.593938419965908571e-01
8.595229073577234091e-01
8.596515089909921858e-01
8.597540087549461196e-01
8.598561816901258981e-01
8.599835398304830347e-01
8.601104449642441585e-01
8.602115191699902796e-01
8.603122744332015737e-01
8.604127125211374905e-01
8.605380241039405353e-01
8.606377697985377884e-01
8.607622665101293258e-01
8.608613279785521932e-01
8.609600815259490503e-01
8.610834044549671162e-01
8.611814854633623728e-01
8.612792638593774752e-01
8.614014326405950994e-01
8.614985499016762915e-01
8.616199397545153404e-01
8.617409133329030357e-01
8.618370232298834255e-01
8.619572312848096107e-01
8.620770301253322110e-01
8.621721503180000967e-01
8.622669836377397923e-01
8.623615316039596745e-01
8.624557957245667650e-01
8.625738159576195052e-01
8.626914400344404266e-01
8.628086702565640476e-01
8.629016425581199634e-01
8.630181487244681371e-01
8.631342675578378421e-01
8.632500012870577555e-01
8.633417114608341603e-01
8.634567373519761446e-01
8.635713844547363571e-01
8.636621807497950609e-01
8.637527125065047606e-01
8.638663455645437805e-01
8.639796078563847237e-01
8.640692456620081563e-01
8.641818266442936602e-01
8.642708946941050074e-01
8.643597069253273757e-01
8.644713061031533696e-01
8.645595575906005470e-01
8.646475573462220066e-01
8.647581899264278338e-01
8.648456377480467916e-01
8.649556168757740471e-01
8.650652459579726283e-01
8.651518511860237792e-01
8.652608372497044842e-01
8.653469054128082316e-01
8.654552551282844730e-01
8.655407919237370074e-01
8.656485118624525077e-01
8.657335229020445277e-01
8.658406195384734660e-01
8.659473820650681608e-01
8.660538122858719712e-01
8.661377390421149958e-01
8.662435590635567673e-01
8.663490518924380490e-01
8.664321928480847035e-01
8.665370849414302246e-01
8.666416548432942513e-01
8.667459042666434410e-01
8.668280008503970180e-01
8.669098754804785978e-01
8.669915292110311755e-01
8.670946550630100891e-01
8.671974681976903909e-01
8.672783719842493966e-01
8.673590594199279691e-01
8.674395315211114177e-01
8.675412485248282790e-01
8.676426603039322227e-01
8.677437684436296594e-01
8.678445745174543369e-01
8.679450800873774741e-01
8.680452867039186726e-01
8.681451959062540524e-01
8.682236675732741826e-01
8.683230311225211828e-01
8.684221016202942067e-01
8.685208805626389861e-01
8.686193694347710270e-01
8.686966492090866243e-01
8.687737292022769120e-01
8.688714436550637465e-01
8.689688735105249862e-01
8.690660202034772297e-01
8.691421812247321910e-01
8.692181474758794435e-01
8.692939198320501770e-01
8.693900752944421217e-01
8.694859540937375231e-01
8.695815576078227416e-01
8.696564373071026255e-01
8.697515360800769368e-01
8.698463634734721062e-01
8.699409208278162664e-01
8.700352094742486164e-01
8.701089878196237581e-01
8.702027839012922428e-01
8.702761537577519135e-01
8.703493411066939300e-01
8.704424270670905184e-01
8.705352516281105180e-01
8.706078160604076022e-01
8.707001615460360222e-01
8.707723289402811151e-01
8.708443190134655953e-01
8.709161325311498558e-01
8.710075722343674220e-01
8.710987586303720054e-01
8.711896929337916706e-01
8.712803763509949784e-01
8.713708100801641487e-01
8.714413874682301886e-01
8.715117942833804365e-01
8.716015624999999822e-01
8.716910854428523425e-01
8.717803642719894608e-01
8.718499826639546368e-01
8.719194345005690794e-01
8.720080628417921087e-01
8.720771463236093313e-01
8.721460654819542802e-01
8.722340517728943698e-01
8.723026074294349952e-01
8.723710009521558062e-01
8.724583534737562207e-01
8.725263882568349283e-01
8.726133106735968203e-01
8.727000013416867930e-01
8.727674859985132816e-01
8.728348129148815193e-01
8.729208863303967725e-01
8.730067319631872325e-01
8.730923508566152957e-01
8.731777440472654472e-01
8.732441508389239271e-01
8.733291308412681753e-01
8.733951964903654552e-01
8.734797668469285181e-01
8.735641163241983920e-01
8.736296585601264209e-01
8.737136037529459331e-01
8.737973309152375911e-01
8.738808410272099758e-01
8.739456848783208054e-01
8.740287977835756728e-01
8.740933140639864929e-01
8.741576844868766960e-01
8.742402246500671215e-01
8.743225531461251698e-01
8.744046709145969487e-01
8.744683639528660901e-01
8.745319143610781332e-01
8.746134715208748744e-01
8.746948214134918631e-01
8.747759649506776647e-01
8.748569030384939493e-01
8.749376365773604558e-01
8.750181664621006217e-01
8.750805402606219863e-01
8.751427765268765535e-01
8.752048757938239998e-01
8.752668385914720295e-01
8.753464907588399679e-01
8.754259440728775488e-01
8.755051993928829601e-01
8.755842575728882693e-01
8.756631194617021663e-01
8.757241180584265372e-01
8.758026210508106368e-01
8.758809301577746842e-01
8.759414715157752829e-01
8.760194261663654114e-01
8.760971892952000850e-01
8.761747617167859881e-01
8.762346922337364008e-01
8.763119160689263332e-01
8.763715602009637395e-01
8.764484382274166929e-01
8.765077983143844120e-01
8.765843332780812736e-01
8.766606827899251497e-01
8.767368476277818123e-01
8.768128285648900677e-01
8.768886263698971728e-01
8.769470891482316066e-01
8.770225523477778173e-01
8.770807405764579068e-01
8.771388069438650348e-01
8.772137876736815221e-01
8.772885894921612637e-01
8.773462352095969807e-01
8.774207101941807752e-01
8.774950083740491458e-01
8.775691304757919919e-01
8.776430772217647114e-01
8.777000143132851484e-01
8.777568340694610338e-01
8.778135369152931800e-01
8.778701232735819371e-01
8.779433159729689296e-01
8.779996426986352853e-01
8.780558542851611969e-01
8.781285900813355916e-01
8.782011562847517050e-01
8.782735535798747994e-01
8.783292263558609703e-01
8.784013152379206435e-01
8.784567355012095069e-01
8.785285183010560495e-01
8.785836880094691770e-01
8.786387466714856709e-01
8.787100881225995419e-01
8.787812656500487707e-01
8.788359400365074459e-01
8.789068183243927690e-01
8.789612479016958302e-01
8.790155690194932925e-01
8.790697820576665045e-01
8.791238873941945586e-01
8.791778854051675030e-01
8.792317764647974432e-01
8.792855609454317545e-01
8.793553422771457351e-01
8.794088888202665766e-01
8.794783813378395099e-01
8.795316917423994241e-01
8.796008975667704011e-01
8.796699480533595183e-01
8.797228948422731731e-01
8.797916618566854474e-01
8.798443770016962651e-01
8.799128626089171012e-01
8.799811957025024389e-01
8.800493768702504216e-01
8.801174066967464293e-01
8.801695128927231604e-01
8.802372666169003823e-01
8.803048706564214898e-01
8.803566269964873126e-01
8.804239579865126286e-01
8.804911409225634200e-01
8.805425513680837923e-01
8.806094642594514132e-01
8.806762307021374081e-01
8.807272991513470650e-01
8.807782705568186765e-01
8.808446491186771032e-01
8.809108832839451786e-01
8.809615176457157304e-01
8.810274884975772824e-01
8.810779081810661273e-01
8.811436175776016233e-01
8.812091851212360272e-01
8.812746113419592797e-01
8.813398967669531237e-01
8.814050419206104214e-01
8.814700473245540291e-01
8.815196695952172146e-01
8.815691995557524141e-01
8.816338350764042486e-01
8.816983327661069847e-01
8.817626931335532658e-01
8.818269166847730878e-01
8.818910039231521170e-01
8.819398723931899386e-01
8.820037112208505281e-01
8.820674151618214109e-01
8.821309847093944390e-01
8.821794278505554754e-01
8.822427525248611735e-01
8.822909965201578553e-01
8.823391526229653614e-01
8.823872211147594236e-01
8.824352022757266933e-01
8.824979552257843363e-01
8.825605773100387852e-01
8.826230690008195490e-01
8.826854307680389589e-01
8.827476630792072676e-01
8.828097663994494138e-01
8.828717411915196767e-01
8.829188820334652466e-01
8.829659384547821066e-01
8.830275734778243457e-01
8.830744403857914149e-01
8.831358436126311995e-01
8.831825223112820256e-01
8.832291180306452993e-01
8.832756310300244884e-01
8.833220615675646537e-01
8.833829236883583569e-01
8.834291690375817296e-01
