0.000000000000000000e+00
5.000000000000000000e-01
6.666666666666666297e-01
7.500000000000000000e-01
8.000000000000000444e-01
8.333333333333333703e-01
8.571428571428570953e-01
8.750000000000000000e-01
7.777777777777777901e-01
6.999999999999999556e-01
7.272727272727272929e-01
7.500000000000000000e-01
7.692307692307692735e-01
7.142857142857143016e-01
7.333333333333332815e-01
6.875000000000000000e-01
6.470588235294117974e-01
6.111111111111111605e-01
6.315789473684210176e-01
6.500000000000000222e-01
6.666666666666666297e-01
6.363636363636363535e-01
6.521739130434782705e-01
6.250000000000000000e-01
6.400000000000000133e-01
6.538461538461538547e-01
6.666666666666666297e-01
6.785714285714286031e-01
6.896551724137931494e-01
6.999999999999999556e-01
6.774193548387096309e-01
6.875000000000000000e-01
6.969696969696970168e-01
7.058823529411765163e-01
6.857142857142857206e-01
6.944444444444444198e-01
7.027027027027027417e-01
6.842105263157894912e-01
6.923076923076922906e-01
6.999999999999999556e-01
7.073170731707316694e-01
6.904761904761904656e-01
6.744186046511627675e-01
6.818181818181817677e-01
6.666666666666666297e-01
6.739130434782608647e-01
6.595744680851063357e-01
6.666666666666666297e-01
6.734693877551020114e-01
6.800000000000000488e-01
6.666666666666666297e-01
6.538461538461538547e-01
6.415094339622641195e-01
6.296296296296296502e-01
6.181818181818181657e-01
6.250000000000000000e-01
6.315789473684210176e-01
6.379310344827586743e-01
6.440677966101694407e-01
6.500000000000000222e-01
6.557377049180327377e-01
6.612903225806451291e-01
6.507936507936508130e-01
6.562500000000000000e-01
6.461538461538461897e-01
6.363636363636363535e-01
6.417910447761193682e-01
6.470588235294117974e-01
6.521739130434782705e-01
6.428571428571429047e-01
6.338028169014084945e-01
6.388888888888888395e-01
6.301369863013698280e-01
6.351351351351350871e-01
6.400000000000000133e-01
6.447368421052631637e-01
6.363636363636363535e-01
6.282051282051281937e-01
6.329113924050633333e-01
6.374999999999999556e-01
6.419753086419752730e-01
6.341463414634146423e-01
6.265060240963855609e-01
6.309523809523809312e-01
6.352941176470587870e-01
6.279069767441860517e-01
6.321839080459770166e-01
6.250000000000000000e-01
6.179775280898875955e-01
6.222222222222222321e-01
6.153846153846154188e-01
6.195652173913043237e-01
6.129032258064516236e-01
6.063829787234042978e-01
6.105263157894736947e-01
6.145833333333333703e-01
6.185567010309278579e-01
6.122448979591836871e-01
6.060606060606060774e-01
6.099999999999999867e-01
6.039603960396039417e-01
5.980392156862744946e-01
6.019417475728154887e-01
6.057692307692307265e-01
6.095238095238095788e-01
6.132075471698112956e-01
6.168224299065420135e-01
6.203703703703703498e-01
6.238532110091743466e-01
6.272727272727273151e-01
6.216216216216216006e-01
6.160714285714286031e-01
6.106194690265486225e-01
6.052631578947368363e-01
5.999999999999999778e-01
5.948275862068965747e-01
5.982905982905982745e-01
6.016949152542372392e-01
5.966386554621848637e-01
5.916666666666666741e-01
5.950413223140496033e-01
5.901639344262294973e-01
5.934959349593496025e-01
5.967741935483871218e-01
5.999999999999999778e-01
5.952380952380952328e-01
5.905511811023621549e-01
5.937500000000000000e-01
5.968992248062015005e-01
5.923076923076923128e-01
5.877862595419847125e-01
5.909090909090909394e-01
5.864661654135338020e-01
5.895522388059701857e-01
5.925925925925925597e-01
5.955882352941176405e-01
5.985401459854015060e-01
5.942028985507246119e-01
5.899280575539568305e-01
5.928571428571428603e-01
5.957446808510638014e-01
5.985915492957746276e-01
6.013986013986013512e-01
6.041666666666666297e-01
5.999999999999999778e-01
5.958904109589041598e-01
5.918367346938775420e-01
5.945945945945946276e-01
5.906040268456376197e-01
5.866666666666666696e-01
5.827814569536423628e-01
5.789473684210526550e-01
5.751633986928104125e-01
5.779220779220779480e-01
5.806451612903226200e-01
5.833333333333333703e-01
5.859872611464967962e-01
5.822784810126582222e-01
5.786163522012578442e-01
5.812500000000000444e-01
5.776397515527950111e-01
5.802469135802469369e-01
5.766871165644171793e-01
5.792682926829267887e-01
5.818181818181817899e-01
5.843373493975904109e-01
5.868263473053891843e-01
5.833333333333333703e-01
5.798816568047336917e-01
5.764705882352940680e-01
5.789473684210526550e-01
5.755813953488372325e-01
5.780346820809248998e-01
5.747126436781608838e-01
5.771428571428571797e-01
5.738636363636363535e-01
5.762711864406779849e-01
5.730337078651684957e-01
5.698324022346368256e-01
5.666666666666666519e-01
5.690607734806629736e-01
5.659340659340659219e-01
5.683060109289617134e-01
5.706521739130434590e-01
5.729729729729730048e-01
5.698924731182796188e-01
5.721925133689839127e-01
5.691489361702127825e-01
5.714285714285713969e-01
5.736842105263157965e-01
5.759162303664921989e-01
5.729166666666666297e-01
5.751295336787565216e-01
5.773195876288659267e-01
5.743589743589743168e-01
5.714285714285713969e-01
5.685279187817259272e-01
5.707070707070707183e-01
5.678391959798995137e-01
5.649999999999999467e-01
5.621890547263681537e-01
5.643564356435643026e-01
5.665024630541871664e-01
5.686274509803921351e-01
5.707317073170731225e-01
5.679611650485436591e-01
5.700483091787439394e-01
5.673076923076922906e-01
5.645933014354066470e-01
5.666666666666666519e-01
5.687203791469194192e-01
5.660377358490565891e-01
5.680751173708920021e-01
5.700934579439251859e-01
5.674418604651162434e-01
5.648148148148147696e-01
5.668202764976958408e-01
5.688073394495413160e-01
5.662100456621004252e-01
5.681818181818182323e-01
5.701357466063348145e-01
5.720720720720721131e-01
5.695067264573990817e-01
5.714285714285713969e-01
5.688888888888888884e-01
5.707964601769911495e-01
5.726872246696035340e-01
5.745614035087719396e-01
5.720524017467248923e-01
5.739130434782608869e-01
5.714285714285713969e-01
5.732758620689655249e-01
5.708154506437768116e-01
5.683760683760683552e-01
5.659574468085106780e-01
5.677966101694915668e-01
5.696202531645570000e-01
5.672268907563025042e-01
5.648535564853556235e-01
5.666666666666666519e-01
5.643153526970954292e-01
5.661157024793388448e-01
5.679012345679012030e-01
5.696721311475410054e-01
5.673469387755102344e-01
5.650406504065040858e-01
5.627530364372469451e-01
5.604838709677418818e-01
5.622489959839357399e-01
5.639999999999999458e-01
5.617529880478087101e-01
5.595238095238095344e-01
5.573122529644268797e-01
5.551181102362204856e-01
5.568627450980392357e-01
5.546875000000000000e-01
5.564202334630350411e-01
5.581395348837209225e-01
5.559845559845559837e-01
5.538461538461538769e-01
5.555555555555555802e-01
5.534351145038167719e-01
5.551330798479087170e-01
5.568181818181817677e-01
5.584905660377358361e-01
5.601503759398496207e-01
5.617977528089888040e-01
5.634328358208955390e-01
5.613382899628253098e-01
5.629629629629629983e-01
5.645756457564575781e-01
5.661764705882352811e-01
5.641025641025640969e-01
5.620437956204379359e-01
5.636363636363636020e-01
5.652173913043477826e-01
5.667870036101082531e-01
5.647482014388489624e-01
5.627240143369175440e-01
5.607142857142857206e-01
5.587188612099643903e-01
5.567375886524822404e-01
5.547703180212013585e-01
5.563380281690141205e-01
5.543859649122806488e-01
5.559440559440559371e-01
5.540069686411149830e-01
5.520833333333333703e-01
5.501730103806228289e-01
5.482758620689655027e-01
5.498281786941581206e-01
5.479452054794520244e-01
5.460750853242321012e-01
5.476190476190476719e-01
5.457627118644067243e-01
5.472972972972972583e-01
5.454545454545454142e-01
5.436241610738254959e-01
5.451505016722407726e-01
5.433333333333333348e-01
5.415282392026578018e-01
5.430463576158940375e-01
5.445544554455445940e-01
5.460526315789473450e-01
5.442622950819672178e-01
5.424836601307189143e-01
5.407166123778501809e-01
5.389610389610389740e-01
5.404530744336569770e-01
5.387096774193548265e-01
5.401929260450161197e-01
5.384615384615384359e-01
5.399361022364217444e-01
5.382165605095541316e-01
5.365079365079364893e-01
5.379746835443037778e-01
5.362776025236593025e-01
5.377358490566037652e-01
5.360501567398119338e-01
5.374999999999999778e-01
5.358255451713395123e-01
5.341614906832298226e-01
5.356037151702786048e-01
5.339506172839506570e-01
5.323076923076922595e-01
5.337423312883435855e-01
5.351681957186544825e-01
5.365853658536585691e-01
5.349544072948327900e-01
5.333333333333333259e-01
5.347432024169184173e-01
5.361445783132530174e-01
5.375375375375375242e-01
5.389221556886227837e-01
5.402985074626865947e-01
5.386904761904761640e-01
5.370919881305638022e-01
5.384615384615384359e-01
5.398230088495574730e-01
5.382352941176470340e-01
5.395894428152492317e-01
5.380116959064327187e-01
5.364431486880466560e-01
5.377906976744185608e-01
5.362318840579710644e-01
5.375722543352601246e-01
5.360230547550431934e-01
5.344827586206896131e-01
5.358166189111748245e-01
5.342857142857142527e-01
5.327635327635327211e-01
5.340909090909090606e-01
5.325779036827195112e-01
5.338983050847457834e-01
5.323943661971830554e-01
5.337078651685392972e-01
5.322128851540616212e-01
5.307262569832402743e-01
5.292479108635097518e-01
5.277777777777777901e-01
5.263157894736841813e-01
5.276243093922652339e-01
5.261707988980716122e-01
5.247252747252747485e-01
5.232876712328766722e-01
5.218579234972677838e-01
5.204359673024523403e-01
5.190217391304348116e-01
5.176151761517615579e-01
5.162162162162161616e-01
5.175202156334232084e-01
5.188172043010752521e-01
5.201072386058981367e-01
5.213903743315507766e-01
5.200000000000000178e-01
5.212765957446808818e-01
5.198938992042440033e-01
5.211640211640211628e-01
5.197889182058047508e-01
5.184210526315788936e-01
5.196850393700787052e-01
5.183246073298429790e-01
5.195822454308094418e-01
5.208333333333333703e-01
5.220779220779220298e-01
5.233160621761657749e-01
5.245478036175710290e-01
5.257731958762886793e-01
5.269922879177377784e-01
5.256410256410256610e-01
5.242966751918158863e-01
5.255102040816326259e-01
5.267175572519083859e-01
5.253807106598984422e-01
5.240506329113924222e-01
5.227272727272727071e-01
5.239294710327455640e-01
5.226130653266332082e-01
5.238095238095238360e-01
5.224999999999999645e-01
5.211970074812967146e-01
5.223880597014924909e-01
5.210918114143920921e-01
5.198019801980198196e-01
5.209876543209877031e-01
5.197044334975369217e-01
5.208845208845208630e-01
5.220588235294117974e-01
5.207823960880195724e-01
5.219512195121951414e-01
5.231143552311435796e-01
5.218446601941747476e-01
5.205811138014527772e-01
5.193236714975845159e-01
5.180722891566265087e-01
5.192307692307692735e-01
5.203836930455635335e-01
5.215311004784688453e-01
5.202863961813842808e-01
5.214285714285714635e-01
5.225653206650830995e-01
5.236966824644549989e-01
5.224586288416075419e-01
5.235849056603774088e-01
5.247058823529411331e-01
5.234741784037558743e-01
5.222482435597189943e-01
5.233644859813083583e-01
5.244755244755244794e-01
5.232558139534884134e-01
5.243619489559164792e-01
5.231481481481481399e-01
5.219399538106235248e-01
5.230414746543778914e-01
5.218390804597701216e-01
5.206422018348624281e-01
5.217391304347825942e-01
5.205479452054794232e-01
5.216400911161731546e-01
5.227272727272727071e-01
5.215419501133786717e-01
5.226244343891403021e-01
5.214446952595936935e-01
5.225225225225225145e-01
5.213483146067415808e-01
5.224215246636770837e-01
5.212527964205816433e-01
5.223214285714286031e-01
5.233853006681514763e-01
5.244444444444444908e-01
5.232815964523281904e-01
5.243362831858406903e-01
5.253863134657836831e-01
5.242290748898678077e-01
5.252747252747252960e-01
5.263157894736841813e-01
5.273522975929978429e-01
5.262008733624453649e-01
5.250544662309367672e-01
5.239130434782608425e-01
5.249457700650759229e-01
5.259740259740259827e-01
5.248380129589632626e-01
5.237068965517240882e-01
5.225806451612903247e-01
5.236051502145923076e-01
5.246252676659528547e-01
5.256410256410256610e-01
5.266524520255863040e-01
5.276595744680850908e-01
5.286624203821655987e-01
5.296610169491525744e-01
5.285412262156448104e-01
5.295358649789029259e-01
5.305263157894737347e-01
5.315126050420168058e-01
5.324947589098532053e-01
5.313807531380753124e-01
5.302713987473903767e-01
5.312500000000000000e-01
5.322245322245322541e-01
5.331950207468879599e-01
5.320910973084885809e-01
5.309917355371900349e-01
5.298969072164948502e-01
5.308641975308642236e-01
5.318275154004107330e-01
5.327868852459016757e-01
5.316973415132923986e-01
5.326530612244897434e-01
5.336048879837067549e-01
5.345528455284552782e-01
5.354969574036511082e-01
5.344129554655870917e-01
5.353535353535353591e-01
5.342741935483871218e-01
5.331991951710262079e-01
5.341365461847389362e-01
5.350701402805611018e-01
5.340000000000000302e-01
5.349301397205589170e-01
5.338645418326692926e-01
5.328031809145129527e-01
5.317460317460317443e-01
5.326732673267327023e-01
5.335968379446640597e-01
5.345167652859960095e-01
5.354330708661417804e-01
5.363457760314341849e-01
5.352941176470588092e-01
5.342465753424657793e-01
5.351562500000000000e-01
5.360623781676413513e-01
5.369649805447470614e-01
5.359223300970873405e-01
5.348837209302325091e-01
5.357833655705995790e-01
5.347490347490347906e-01
5.337186897880539238e-01
5.346153846153846034e-01
5.335892514395393915e-01
5.325670498084291715e-01
5.334608030592734584e-01
5.324427480916030797e-01
5.333333333333333259e-01
5.342205323193915945e-01
5.332068311195445887e-01
5.321969696969697239e-01
5.330812854442343873e-01
5.339622641509433887e-01
5.348399246704331755e-01
5.357142857142856984e-01
5.347091932457785912e-01
5.355805243445692643e-01
5.345794392523364191e-01
5.354477611940298143e-01
5.363128491620111626e-01
5.353159851301114713e-01
5.361781076066790552e-01
5.370370370370370905e-01
5.378927911275416252e-01
5.369003690036900922e-01
5.377532228360957234e-01
5.367647058823529216e-01
5.357798165137614976e-01
5.366300366300366109e-01
5.374771480804387824e-01
5.383211678832117153e-01
5.373406193078323900e-01
5.363636363636363757e-01
5.372050816696914977e-01
5.380434782608695121e-01
5.388788426763110317e-01
5.397111913357400814e-01
5.405405405405405705e-01
5.413669064748201087e-01
5.403949730700179366e-01
5.394265232974910784e-01
5.384615384615384359e-01
5.374999999999999778e-01
5.383244206773618590e-01
5.391459074733095935e-01
5.399644760213143657e-01
5.407801418439716068e-01
5.415929203539823211e-01
5.406360424028268108e-01
5.414462081128748050e-01
5.422535211267606181e-01
5.413005272407732660e-01
5.421052631578947567e-01
5.429071803852889566e-01
5.437062937062937529e-01
5.427574171029668770e-01
5.435540069686410902e-01
5.426086956521739557e-01
5.434027777777777901e-01
5.424610051993067339e-01
5.432525951557093391e-01
5.440414507772021180e-01
5.448275862068965303e-01
5.456110154905335907e-01
5.463917525773195338e-01
5.454545454545454142e-01
5.462328767123287854e-01
5.452991452991452492e-01
5.443686006825938506e-01
5.451448040885860102e-01
5.459183673469387710e-01
5.449915110356536863e-01
5.457627118644067243e-01
5.465313028764805514e-01
5.472972972972972583e-01
5.480607082630691851e-01
5.471380471380471455e-01
5.462184873949579300e-01
5.453020134228188098e-01
5.443886097152428327e-01
5.451505016722407726e-01
5.442404006677796779e-01
5.433333333333333348e-01
5.440931780366056181e-01
5.448504983388704481e-01
5.456053067993366090e-01
5.447019867549668382e-01
5.454545454545454142e-01
5.445544554455445940e-01
5.453047775947281739e-01
5.444078947368421462e-01
5.435139573070607577e-01
5.442622950819672178e-01
5.450081833060556047e-01
5.441176470588234837e-01
5.448613376835236277e-01
5.439739413680781954e-01
5.430894308943089444e-01
5.422077922077922496e-01
5.413290113452188246e-01
5.404530744336569770e-01
5.395799676898223041e-01
5.387096774193548265e-01
5.394524959742350578e-01
5.385852090032153816e-01
5.393258426966291985e-01
5.384615384615384359e-01
5.392000000000000126e-01
5.399361022364217444e-01
5.390749601275917069e-01
5.398089171974522760e-01
5.389507154213036833e-01
5.396825396825396526e-01
5.404120443740094704e-01
5.411392405063291111e-01
5.418641390205370945e-01
5.410094637223974434e-01
5.417322834645669216e-01
5.424528301886792914e-01
5.416012558869701676e-01
5.423197492163009947e-01
5.430359937402190473e-01
5.421875000000000444e-01
5.429017160686427923e-01
5.436137071651090391e-01
5.427682737169517990e-01
5.419254658385093126e-01
5.426356589147286469e-01
5.433436532507739392e-01
5.425038639876352820e-01
5.432098765432098464e-01
5.423728813559322015e-01
5.430769230769231237e-01
5.437788018433179493e-01
5.444785276073619285e-01
5.451761102603368547e-01
5.458715596330274700e-01
5.465648854961832059e-01
5.457317073170732113e-01
5.449010654490106242e-01
5.455927051671732864e-01
5.462822458270105708e-01
5.469696969696969946e-01
5.476550680786687053e-01
5.483383685800604646e-01
5.475113122171946234e-01
5.481927710843373935e-01
5.488721804511278446e-01
5.495495495495495986e-01
5.487256371814093203e-01
5.494011976047904477e-01
5.485799701046337740e-01
5.477611940298507953e-01
5.469448584202682984e-01
5.461309523809523281e-01
5.468053491827636892e-01
5.474777448071216357e-01
5.481481481481481621e-01
5.488165680473372499e-01
5.494830132939438894e-01
5.501474926253687725e-01
5.508100147275405423e-01
5.500000000000000444e-01
5.491923641703377879e-01
5.498533724340175510e-01
5.490483162518301485e-01
5.497076023391812560e-01
5.489051094890511351e-01
5.481049562682215326e-01
5.473071324599708687e-01
5.465116279069767158e-01
5.471698113207547065e-01
5.463768115942029269e-01
