2.500000000000000000e-01
2.518250297608267130e-01
3.745693770409344592e-01
3.495977725241826706e-01
4.006243952894375515e-01
4.028886922784728486e-01
3.949932133665779999e-01
3.786886330934558509e-01
3.479520883269159315e-01
3.226568245243089939e-01
3.616871075987821982e-01
4.086692880828710628e-01
4.129205307586678586e-01
3.842964439352674622e-01
4.240977340061868883e-01
3.978679936847010490e-01
3.781891263752203414e-01
3.643500960296484070e-01
3.586366087750914033e-01
3.711114140580401011e-01
3.983110214180659581e-01
3.805950428910325756e-01
3.974755617540211561e-01
3.823961837869560565e-01
4.035390278107058859e-01
4.101303401179524633e-01
4.132679758313919649e-01
4.110483118211800679e-01
4.057412164700312518e-01
4.103144832244613460e-01
4.006322832063306527e-01
3.971800845604607222e-01
4.055680518725248151e-01
4.016989717627571510e-01
3.944109439276862195e-01
4.104847145414365350e-01
4.096831032292124752e-01
4.039574601067910664e-01
4.055517567281460289e-01
4.057591836022549359e-01
4.093479201649880550e-01
4.045448994435915102e-01
3.972451971135278481e-01
4.109358482177020711e-01
4.065439026758417285e-01
4.178290760723566422e-01
4.089456074428751142e-01
4.207616916215450864e-01
4.311041632984204397e-01
4.422652639007829678e-01
4.340340512719538246e-01
4.287962205722474218e-01
4.222596104250723181e-01
4.169372685659230582e-01
4.105267864062644989e-01
4.103312984649175044e-01
4.199411338339276156e-01
4.287824228334860543e-01
4.361390032124790039e-01
4.454037931866777211e-01
4.481697488195993673e-01
4.563425378293792245e-01
4.496667056202014456e-01
4.571173745988321158e-01
4.503152873626514729e-01
4.456961326458805384e-01
4.450608898941967317e-01
4.526149374235377554e-01
4.548562089884144455e-01
4.506416845944860583e-01
4.443420975282736940e-01
4.422553335521171025e-01
4.365685910600437536e-01
4.369793193899316752e-01
4.434678286938479874e-01
4.501413867929681678e-01
4.445563196939788519e-01
4.390468772019476829e-01
4.423519487189278010e-01
4.403935017965309173e-01
4.386420958120245128e-01
4.348658031557828818e-01
4.296264562156352773e-01
4.363552262376308444e-01
4.342402475361963332e-01
4.291909536884380705e-01
4.356403051920218483e-01
4.306900114280702296e-01
4.258673832465185161e-01
4.309363386685082231e-01
4.270474857768462584e-01
4.332678803173088400e-01
4.296914577309954852e-01
4.251256573026762631e-01
4.311751591414679230e-01
4.367797113732750369e-01
4.423962322679253489e-01
4.379299697244258827e-01
4.335064349033656006e-01
4.390322859376669107e-01
4.346878150884955216e-01
4.304266482910228953e-01
4.334077770932791007e-01
4.320884985154360702e-01
4.373526641821002814e-01
4.373783463478200795e-01
4.363898156887303648e-01
4.410294783149963926e-01
4.460742655470267826e-01
4.478950399711486563e-01
4.442935497194849259e-01
4.403335095213941064e-01
4.385585796564763217e-01
4.348301089508107564e-01
4.310991634305697540e-01
4.273985502152500837e-01
4.315563071487337199e-01
4.336930631080716525e-01
4.301336455200781006e-01
4.284661195156587721e-01
4.277611394507011555e-01
4.251080108986322603e-01
4.258930728234213148e-01
4.300999635499026530e-01
4.299392641687484473e-01
4.271449843622381892e-01
4.238224137843583650e-01
4.236372215413385378e-01
4.255725248107558034e-01
4.229410698450549733e-01
4.201280344641430964e-01
4.237184291518567014e-01
4.214223631796173986e-01
4.228444338529606106e-01
4.268428068966858002e-01
4.280319479702338614e-01
4.297074606031029420e-01
4.267222513223852820e-01
4.249132337611829513e-01
4.253421684383083545e-01
4.293819994692768538e-01
4.334004360293814972e-01
4.373626706779649154e-01
4.391507212608914967e-01
4.361454113563906221e-01
4.331582085333592902e-01
4.302787336539078411e-01
4.340827090430581792e-01
4.311694022738890575e-01
4.284714305359955122e-01
4.256338723656001855e-01
4.229106937841459191e-01
4.201465716039722298e-01
4.239032803913633796e-01
4.266166324068550453e-01
4.302921664532364243e-01
4.324779335885587384e-01
4.297491658896316902e-01
4.270463882599054295e-01
4.306273478035143043e-01
4.290141521491603882e-01
4.325387556347697338e-01
4.298851441615378355e-01
4.321605116891844012e-01
4.344071456702531808e-01
4.378143313885731192e-01
4.411806594013448213e-01
4.385545840855164523e-01
4.359595865465651365e-01
4.333951185497613712e-01
4.367085870176785622e-01
4.345434905177698037e-01
4.378095894758060602e-01
4.352934424098531263e-01
4.353392829438335609e-01
4.328657656171632784e-01
4.360672115009306959e-01
4.336173957059816786e-01
4.311950074182192560e-01
4.287994800867283018e-01
4.314115473088021568e-01
4.290411559353410897e-01
4.321570097689284573e-01
4.352431129646002206e-01
4.382958484366671348e-01
4.359410547946536152e-01
4.389549561935524591e-01
4.366200896481500782e-01
4.396009357344697888e-01
4.425464867576324179e-01
4.454650571142703686e-01
4.431449266084669936e-01
4.460278617443542148e-01
4.488815461811394014e-01
4.466074178219893720e-01
4.443288085544440658e-01
4.420733323688885164e-01
4.448911438213229985e-01
4.426684364666224059e-01
4.404550942842926919e-01
4.382637781594480586e-01
4.410223941165304362e-01
4.437759782642564099e-01
4.465025176857767564e-01
4.492025054041941523e-01
4.470219107177660911e-01
4.496933024197095063e-01
4.475313154220274536e-01
4.453928960756844413e-01
4.480338491458956129e-01
4.500204170936439874e-01
4.478976792771645066e-01
4.504406095854520120e-01
4.530086437159506207e-01
4.512481541040199162e-01
4.491590422794643489e-01
4.512565164042861565e-01
4.537736883436918611e-01
4.517016623743400072e-01
4.541934484212469259e-01
4.566536349242961146e-01
4.586842658698114250e-01
4.566666398545536909e-01
4.590905464233960842e-01
4.570501439948476685e-01
4.594525058851377519e-01
4.617953673243653800e-01
4.641559129366629177e-01
4.621766339390685485e-01
4.643021655426616823e-01
4.622921994580727612e-01
4.618078045129817566e-01
4.598257967682908842e-01
4.578607292607340673e-01
4.559142267868930842e-01
4.582196749784740453e-01
4.605056678908316936e-01
4.585707701510369771e-01
4.566520646133539474e-01
4.586862809402124097e-01
4.567830183636970021e-01
4.589894476770752796e-01
4.612131719176562616e-01
4.633971599944859410e-01
4.615170252848057042e-01
4.597061340699588050e-01
4.583126053955025037e-01
4.564645706963271210e-01
4.586463703074206144e-01
4.608103000918410408e-01
4.596641800596295568e-01
4.578401158530437387e-01
4.560304901138048650e-01
4.542350944834411264e-01
4.563534639088085987e-01
4.545709653069452405e-01
4.566932572707314009e-01
4.580453820423355804e-01
4.562768997241645752e-01
4.545219885713795982e-01
4.550547262762912881e-01
4.533178761760001119e-01
4.553964981663459755e-01
4.574593902187461536e-01
4.595067132745243588e-01
4.613289941510935188e-01
4.632978489181545645e-01
4.653004688847773851e-01
4.635707273647596272e-01
4.655574233286757790e-01
4.659144097554149822e-01
4.674319063957253495e-01
4.657197016131456868e-01
4.640199946729517411e-01
4.659610045462191374e-01
4.678959284427907650e-01
4.698168817697121469e-01
4.681268929863678374e-01
4.664490188179579166e-01
4.647831294650366374e-01
4.631290969758372067e-01
4.614867952135115470e-01
4.598560998240645015e-01
4.617580149655290955e-01
4.601378114042465328e-01
4.620254414343015759e-01
4.604155966906280928e-01
4.588169314243412678e-01
4.577690617886622793e-01
4.561905477824944599e-01
4.580593087866783319e-01
4.564971360820128110e-01
4.549391253786612688e-01
4.567930739317950795e-01
4.552446228337211909e-01
4.570850126214450748e-01
4.555460058449419258e-01
4.542941223602750545e-01
4.561192256299731462e-01
4.545988282112065626e-01
4.530885331008703276e-01
4.548994982230528672e-01
4.566985097800725368e-01
4.584856857347432424e-01
4.569824539782358919e-01
4.554890472658887357e-01
4.540053695874982087e-01
4.525313261797465625e-01
4.543030694607182451e-01
4.528375756882643266e-01
4.545969403966526046e-01
4.531398989210222994e-01
4.548870557934791004e-01
4.534383709024170650e-01
4.519988840106633488e-01
4.537330647574599474e-01
4.523017322857089684e-01
4.540240538822672978e-01
4.526007809860846387e-01
4.543114035455030897e-01
4.528961032229314454e-01
4.514895977124669391e-01
4.531877723325521412e-01
4.517890446401677251e-01
4.503989245031712607e-01
4.520848173725425800e-01
4.537554411376489294e-01
4.554208208409434300e-01
4.540365654334359014e-01
4.526606970533345597e-01
4.543142785288059593e-01
4.559249862621205240e-01
4.575298593423194338e-01
4.591540214400881559e-01
4.607553196320068323e-01
4.593840240378639361e-01
4.580208666965053244e-01
4.596243552187423420e-01
4.612183836694244699e-01
4.598682372683929875e-01
4.614522013816795276e-01
4.601029419863319481e-01
4.587615339922026525e-01
4.603349016259462578e-01
4.590017458151978702e-01
4.605653245845180987e-01
4.592380469920873121e-01
4.579183974899062592e-01
4.594716398749774666e-01
4.581591186209487132e-01
4.568538219867009920e-01
4.583968389747330452e-01
4.570982643600737805e-01
4.586318850822204696e-01
4.573399642791725062e-01
4.588642822179727077e-01
4.575789480941128695e-01
4.563007946078164179e-01
4.550297617537557016e-01
4.537657902250330499e-01
4.525088212770412843e-01
4.537366394054285768e-01
4.524866762114742036e-01
4.512435809471569415e-01
4.500697998950545786e-01
4.488425296895459660e-01
4.476195255214553970e-01
4.464031681151471309e-01
4.451934034319082190e-01
4.439901780172273993e-01
4.454888548163706274e-01
4.469794761743910994e-01
4.484621011467790352e-01
4.499368014110924907e-01
4.487369699406629220e-01
4.502030950206079574e-01
4.490089223547708008e-01
4.504520992866983820e-01
4.492635713202426939e-01
4.480812987641367706e-01
4.495299042791915389e-01
4.483531244250575365e-01
4.497934556928772087e-01
4.512262852353437492e-01
4.526516715074597741e-01
4.540696723584767280e-01
4.554803450397209574e-01
4.568837462122989912e-01
4.582799319546810302e-01
4.571050864507220646e-01
4.559360197334567655e-01
4.572394546337562593e-01
4.586205247237467031e-01
4.574565132396859468e-01
4.562983954846487333e-01
4.551461292805472625e-01
4.561939990723191118e-01
4.550477832252776689e-01
4.564135782513005224e-01
4.552725443056722665e-01
4.541372013024161935e-01
4.554950689608678882e-01
4.543648082438434543e-01
4.532401428789751829e-01
4.545901672175450825e-01
4.534704870027235213e-01
4.548133097465492658e-01
4.561495516018892471e-01
4.550342715246230574e-01
4.563634538691264120e-01
4.576012889958471774e-01
4.564906062555659783e-01
4.553853021241965893e-01
4.542853376263120690e-01
4.531906741621522516e-01
4.545051196569547258e-01
4.556815702689701597e-01
4.569837674692835972e-01
4.558931140863020093e-01
4.571886066718108266e-01
4.584779448982434502e-01
4.597611725169679642e-01
4.586742666717766315e-01
4.599509783069847257e-01
4.612216800039604103e-01
4.601390000039510819e-01
4.591068645241622725e-01
4.603706335322834131e-01
4.616263437164203065e-01
4.605527940798704867e-01
4.618044117270169169e-01
4.607354200332043903e-01
4.596713659453678935e-01
4.609163627977279076e-01
4.598567849522158801e-01
4.588020675555364858e-01
4.600405067602144071e-01
4.589901859685244223e-01
4.602225545654070604e-01
4.611510133057737937e-01
4.601053193980509382e-01
4.613265627552592396e-01
4.602851935391074067e-01
4.614999722782825997e-01
4.604628936888932045e-01
4.616726181424935516e-01
4.606397934934052252e-01
4.618437225257850387e-01
4.630422888453267216e-01
4.642355278823387943e-01
4.632061808138635550e-01
4.643937777589654536e-01
4.655761314504467396e-01
4.645506333635515128e-01
4.657274451583568453e-01
4.668990954979218011e-01
4.666703767380154244e-01
4.656514457844389554e-01
4.646369546171525977e-01
4.636268742810283894e-01
4.647903734691389288e-01
4.659488358642273620e-01
4.649424668882787270e-01
4.639404357096401643e-01
4.629427143425226543e-01
4.640951977881395685e-01
4.652427455444819171e-01
4.663853892505834264e-01
4.675231602756355076e-01
4.686560897218575716e-01
4.697842084273313179e-01
4.709075468623747374e-01
4.699119706533633756e-01
4.710302998292001941e-01
4.721439202506124144e-01
4.732528615946032802e-01
4.743571532893735010e-01
4.733647743075966030e-01
4.723765388706287482e-01
4.734757544146483421e-01
4.745698263775303682e-01
4.756599304721828014e-01
4.746751273035033636e-01
4.736943935694051810e-01
4.727177040981280776e-01
4.738026470938109247e-01
4.748831344714417035e-01
4.759574394680824994e-01
4.749841113710108198e-01
4.760555723682128315e-01
4.771226689621675954e-01
4.781854277650899876e-01
4.792438751732744362e-01
4.782737458713042233e-01
4.793277383038874739e-01
4.783613517347263810e-01
4.773988540451192808e-01
4.784482539365949028e-01
4.794934478164814551e-01
4.785344609208485034e-01
4.795753103002480255e-01
4.786199809968610941e-01
4.776731486829677298e-01
4.767253844990729239e-01
4.777615718411215018e-01
4.787936635963762066e-01
4.798216839837600722e-01
4.808456570467841695e-01
4.818656066400124893e-01
4.809207721171889216e-01
4.799796355768422007e-01
4.809953003511061587e-01
4.812160009954366546e-01
4.822252741995733949e-01
4.812889144438460831e-01
4.803561839894975316e-01
4.813612004790753240e-01
4.804319490886396760e-01
4.795062613254630901e-01
4.805072108229141437e-01
4.795849321073231142e-01
4.786661870266577523e-01
4.796630012006029564e-01
4.787476137937315968e-01
4.797404754817435335e-01
4.807295620301743067e-01
4.798173617227167176e-01
4.789086167194539501e-01
4.798936665933302148e-01
4.808749992978709198e-01
4.818526358340324833e-01
4.828265970448707423e-01
4.819207310091392915e-01
4.828909169059875661e-01
4.819883170613034618e-01
4.829541547177009786e-01
4.839169961419788057e-01
4.830175221714552158e-01
4.839766733362577122e-01
4.849321957032297070e-01
4.853332776296109818e-01
4.844378287778958181e-01
4.853872908997391433e-01
4.844950348502910509e-01
4.836060531349694602e-01
4.845518295944292175e-01
4.854941480046770508e-01
4.864330272966392865e-01
4.855469926385397872e-01
4.846641799246515503e-01
4.855994536390886296e-01
4.865313386866658707e-01
4.874598534449178233e-01
4.883751457083766456e-01
4.892969922926858617e-01
4.902155228820875288e-01
4.893354232000730053e-01
4.884584779972054869e-01
4.875846703442587859e-01
4.867139834329297643e-01
4.874738041318550374e-01
4.883857724209832996e-01
4.892945010667719696e-01
4.902000072705542943e-01
4.911023081426417747e-01
4.902346362201283059e-01
4.911336932991051119e-01
4.920295846841419296e-01
4.911648578217796546e-01
4.920575510536088215e-01
4.929471175141103556e-01
4.938335736019593969e-01
4.929717349045737995e-01
4.938550589256704981e-01
4.929961805623214732e-01
4.938362185752894762e-01
4.929803499122473731e-01
4.938575465386967900e-01
4.947312378974822455e-01
4.956023909355900536e-01
4.964705450635879536e-01
4.973357159483584033e-01
4.964826529707456193e-01
4.973442602690154590e-01
4.964940991403504755e-01
4.956468395855034847e-01
4.965060442880835367e-01
4.973623265256888470e-01
4.965179083142700067e-01
4.973554160397183899e-01
4.982059144897357794e-01
4.990534726196719228e-01
4.998982391076657317e-01
4.990566595805484562e-01
4.982215430302063264e-01
4.973856008439140330e-01
4.965524591339577354e-01
4.973943446538006130e-01
4.965639701218243496e-01
4.957363635049546469e-01
4.965754044974588499e-01
4.974116579783600667e-01
4.982451378158752608e-01
4.974202286473058954e-01
4.982509390131781291e-01
4.974287427441794751e-01
4.982567019818332499e-01
4.974372008272578416e-01
4.966205183666084766e-01
4.974457306315812621e-01
4.982682417107439643e-01
4.974540779170989468e-01
4.982738918193549416e-01
4.974623708232268626e-01
4.966534889194492708e-01
4.958472332556190243e-01
4.950435910623359748e-01
4.942425496528500273e-01
4.934440964223930637e-01
4.929663075310611320e-01
4.937827869070175457e-01
4.929889239055593175e-01
4.938027458575567907e-01
4.930113953032979057e-01
4.938225770708126183e-01
4.946311672032873696e-01
4.938422817691513478e-01
4.946482653969074827e-01
4.938618611593925123e-01
4.946652550305680740e-01
4.954661024869380093e-01
4.962644156159143893e-01
4.970602064285274957e-01
4.962761997937821801e-01
4.970694656208307638e-01
4.978602369013011564e-01
4.970786666706868417e-01
4.978669446224499584e-01
4.986527553507403288e-01
4.978736104205047641e-01
4.986569589221528376e-01
4.994378670858254932e-01
4.986611363438568922e-01
4.978868178091614416e-01
4.986652878590697169e-01
4.994413477849845018e-01
4.986694263177356423e-01
4.994430846104552235e-01
4.986735266988828741e-01
4.994447981962691907e-01
5.002137001959676699e-01
5.009802436005751369e-01
5.017444392459035063e-01
5.025062979014908171e-01
5.032658302711064957e-01
5.024986567493517908e-01
5.017338186112249021e-01
5.024910620479856593e-01
5.032458743187228078e-01
5.039985320849065253e-01
5.046652183257261948e-01
5.054130082537550139e-01
5.046506960241113893e-01
5.053967040120269649e-01
5.061404682347273587e-01
5.068819990632024153e-01
5.061220560361211485e-01
5.068613942755880730e-01
5.061037539254007456e-01
5.053483751881986397e-01
5.045952479524487000e-01
5.038443621668051708e-01
5.044843284612705592e-01
5.052195149175595645e-01
5.059525230435520937e-01
5.056261272658216788e-01
5.063563693230360707e-01
5.070844572733904654e-01
5.078104006352828215e-01
5.070636206343486219e-01
5.063190338199076157e-01
5.070429062043358970e-01
5.063486952198563706e-01
5.070704076537454474e-01
5.063301588834480116e-01
5.055920682728307636e-01
5.048561263976155677e-01
5.041223238883166813e-01
5.048420302397124138e-01
5.041103751234230490e-01
