5.000000000000000000e-01
4.963631670323809253e-01
7.874376620413516825e-01
5.241020501523794284e-01
2.223555527424778133e-01
6.435916230216558453e-01
4.104066317408168185e-01
4.856493694165418540e-01
6.805321139854638712e-01
6.917801915826202741e-01
8.671735341576762846e-01
9.620152147486277228e-01
3.188719335776645791e-01
8.896219440692021418e-01
9.906138475708174962e-01
9.335027153756283447e-01
7.483509399510319682e-01
3.592862092467860591e-01
5.057606530692815294e-01
2.201713557235373819e-01
2.927698666479375614e-02
9.251753251861125071e-02
1.231608033739764740e-01
1.886014065283081187e-01
9.544460615355384592e-01
2.417697264029099180e-01
2.965467290709222214e-01
4.074484127559366842e-01
5.070922466749656632e-01
7.368440941630290952e-01
6.680869350832844278e-01
4.613331952510035250e-01
1.790353199688943242e-01
4.765314449363518001e-01
6.170927037319929864e-01
1.355857445933591858e-02
3.828897213713355341e-01
5.616979756181833539e-01
3.172591792344358064e-01
6.433108359824987188e-01
7.435706978319645000e-01
5.443454709252509849e-01
6.989058299288187781e-01
9.998169060869064317e-01
4.618422878364288331e-01
3.788676398485810864e-02
1.749429869194110351e-02
1.201333611276120261e-02
3.690976342378064767e-02
9.945648261508893695e-01
8.500886267473469760e-01
5.979218298797849274e-01
2.869771467764770101e-01
3.672235695472359507e-01
7.463057947356698252e-01
6.321229798787803000e-01
9.788216969900561670e-01
3.421746971260818115e-02
9.288814053441223351e-01
9.960052217053887436e-01
7.836626103080948091e-01
2.281902012679744643e-02
8.108833464467571917e-01
3.744635461052421566e-02
1.223997722509714836e-01
3.813804872509425903e-01
6.349290261777831290e-01
9.791507145937161649e-01
2.207293952675801196e-01
3.997993264294299465e-01
5.806033838525011953e-02
5.423053487150946150e-01
1.646910186706062318e-01
3.166534645790997637e-01
3.894978425492502672e-02
2.498295182751951796e-02
1.417435013352960904e-01
1.217366227375538401e-01
1.632518138392082818e-01
5.344868519684903285e-01
4.536213610951518316e-01
3.591463462158715481e-01
9.999155989677344092e-01
2.581763720323813991e-03
4.934607254953533584e-01
9.882454096175454037e-04
9.951304108006278071e-01
3.801836961659466746e-03
3.842008940613823170e-02
9.391876123680450439e-01
2.775801245177130783e-01
3.381654282270925922e-04
6.827294848395736304e-01
2.249927707707322436e-02
9.999141623098871667e-01
9.844857405747159396e-01
9.251677692891098481e-03
6.857479861418173950e-02
9.998502019519027728e-01
9.930214188694512778e-01
1.551548166690496465e-02
6.985824667784827288e-03
8.587682544921029226e-01
4.557548300649659767e-01
9.923839446077200588e-01
6.633814692530958235e-01
5.758520346627422626e-01
9.682320895970445429e-01
4.554729477149331747e-03
1.960351673111389026e-01
2.193846440306973788e-01
2.773170628188735207e-02
4.896595090322310995e-01
1.162450825222619832e-01
7.596956050347312972e-02
4.275547278988741512e-02
9.559582163634728902e-01
1.731423881038467727e-01
8.993900097562830265e-01
5.203850242227987533e-01
5.858016145896097759e-01
3.226134778621235211e-01
2.777323019491437228e-01
9.734205272682048271e-01
3.596777835295504877e-01
2.790340634196096237e-01
9.280380588678440734e-01
3.674513404663653504e-01
8.205433220105895487e-01
2.889349049001366243e-01
2.333097403573157480e-01
5.445246907290044597e-02
3.440082191518572530e-01
2.177086007071198648e-01
9.811344427528058132e-01
7.671805477846944665e-01
1.890886739764348901e-01
8.667762038370594446e-01
4.186511797609855368e-01
6.963936304696790591e-01
9.974759865805586934e-01
4.497934237303299246e-09
4.611590692056532063e-09
8.335718053169672848e-01
5.814451915934013698e-02
9.962852733865685817e-01
9.937505347919985133e-02
3.372140040146454337e-03
9.999790987552401589e-01
1.627072266061326822e-01
9.996168469004240720e-01
8.917838829722716243e-01
1.475024859557080960e-05
9.993396443963434850e-01
9.189520350881087429e-01
9.999999718211728394e-01
8.794643862595298289e-01
3.650530315018006566e-02
2.742765603013945074e-03
4.238134436881587793e-08
4.134039760966725097e-01
9.999999584089360738e-01
9.997075996436166623e-01
8.961280146807014679e-01
8.960218292907442539e-01
9.999999874556809720e-01
9.999955547508440068e-01
7.963773776540152873e-05
9.999983470060108681e-01
1.645901693548095760e-04
9.999991132814163297e-01
2.535980856263914673e-01
9.997892829281732618e-01
2.826270528540350523e-11
3.341805531103533289e-01
4.831665028455692625e-04
9.997608149172468872e-01
9.999999994109922685e-01
3.145186247419020503e-03
2.962259846205259040e-04
5.048241338978163434e-02
9.994366716045413046e-01
3.788680295703395363e-04
1.113737225129067335e-09
4.123515939164165574e-07
9.825577804694930473e-01
2.297181908508809010e-04
9.997863229344751135e-01
9.999999999812960727e-01
9.996277457810796019e-01
3.287567660120270293e-06
2.594290716857149656e-11
2.243212426582443647e-04
9.998213052744364671e-01
9.263351091301086360e-01
3.719031705291715197e-05
9.999999996800268409e-01
9.999999999754536351e-01
5.071863795400853581e-02
8.313533727817242115e-07
9.992562322075220216e-01
2.250431475872248944e-03
9.999999880524529372e-01
9.999950101147513370e-01
9.999999999806734596e-01
9.999999106761763290e-01
3.489965651931885650e-09
8.307731789732644137e-05
2.452900398162921949e-02
3.479596034964878857e-06
9.312355696174873243e-01
4.964260649014154337e-10
5.242826141777806419e-03
4.324392650299828954e-08
2.729530676706976022e-01
9.999999018158408637e-01
4.904735797948264059e-02
4.026301107067636483e-10
3.249036506032835711e-05
9.999472949580248127e-01
9.989467781594280060e-01
9.526036451897046398e-01
9.356102002077151814e-02
1.891622535599590967e-04
2.238987796764923157e-10
8.034432072563741910e-06
4.368515669667758644e-03
9.999998834640961842e-01
1.044079618014867039e-01
9.752173618047921266e-01
9.999983824715183989e-01
4.084659162846376868e-01
9.999999999808919515e-01
9.999999999978725906e-01
2.080019009760373030e-02
9.999999999999997780e-01
9.999999976036213489e-01
9.999237131179103955e-01
3.829422828074542065e-04
2.795885732167952345e-02
9.999999999886384217e-01
4.641314800920378313e-03
3.228330414556628675e-04
2.951223528108891467e-03
5.257524248957386181e-02
8.733596176866686989e-01
6.601403944578853045e-01
9.999999835395279035e-01
1.336720047927996921e-04
1.856090190896514814e-04
5.839060538691469571e-01
1.000000000000000000e+00
2.191763131269926137e-03
1.182716345248176863e-06
9.972057450457025851e-01
5.815654029005959923e-03
9.999999999999997780e-01
1.024803911085818142e-01
2.908889142189161059e-03
2.831455661811392138e-07
2.295673101734808652e-01
6.864079030451597147e-10
9.999977298159051786e-01
1.000000000000000000e+00
9.999999999999862332e-01
9.717167418758977382e-01
9.934853883960256260e-01
1.346935577233431218e-11
9.999999260440689541e-01
9.999893187540130901e-01
7.498671515508623653e-01
6.262414372897263937e-02
2.741327699123628645e-05
4.667907972732703460e-18
1.101752018009915504e-03
1.000000000000000000e+00
1.001343344913352581e-40
2.058266138848830494e-45
5.906523598933527288e-46
2.108940723498879694e-31
1.000000000000000000e+00
9.999999999998050448e-01
9.827334107615513105e-27
1.000000000000000000e+00
1.000000000000000000e+00
1.909245403382719096e-44
2.032488102051112332e-29
2.537792545114362414e-24
6.050536660341055972e-01
1.000000000000000000e+00
1.957474491798581562e-22
9.563550801998823570e-01
2.932995424394376730e-38
7.315003519233121196e-40
6.456596860237072903e-22
1.000000000000000000e+00
8.557304858079129297e-11
2.872015449370578510e-01
9.534093881915975515e-32
1.173215586042376017e-16
5.860200472550313498e-24
1.000000000000000000e+00
1.000000000000000000e+00
9.999999999999997780e-01
1.008294125120098357e-25
3.981971231771925796e-24
1.234384497980102719e-09
2.513447423511708699e-12
1.053550459811737355e-20
2.607213290985792939e-08
9.999999999985018651e-01
8.300953482698973325e-14
2.814445459443258023e-29
1.555362164817336003e-58
5.727335665093942779e-30
9.999999999991886490e-01
8.192755405935197698e-04
4.381527129660987226e-12
1.074320168358980739e-26
4.413473250826583314e-24
3.422863761554522577e-16
9.988472409856615775e-01
1.000000000000000000e+00
4.909381659641937718e-09
1.078540148783752256e-05
9.999999999591071553e-01
9.991890654737620725e-01
9.999999919091134837e-01
9.991101848700866261e-01
1.000000000000000000e+00
9.999980827153531759e-01
9.945196056334189016e-01
4.837841370379639128e-03
9.999999999985247356e-01
9.977920202792063264e-01
3.860276624065869309e-08
7.850094569460327354e-12
9.999999936062962114e-01
2.625654001592733216e-26
4.656830809366417634e-02
9.999999999495463587e-01
2.342684963082942648e-03
1.282378858386537063e-11
1.000000000000000000e+00
9.800965601529664228e-01
1.600274870519277040e-22
9.999966795950112619e-01
9.998577570196035547e-01
9.999999949398956645e-01
9.905553737570779171e-01
2.090803593747389808e-12
9.999979008847943440e-01
1.000000000000000000e+00
1.000000000000000000e+00
4.577710770369942614e-07
9.999985752450117893e-01
9.999999924321657518e-01
1.133529287631756108e-20
9.999999999999995559e-01
1.068345387666265548e-04
1.000000000000000000e+00
9.470897442973449376e-01
1.467137237715789673e-39
7.907502059153689002e-40
8.489586251062574140e-01
2.981450450538775804e-02
9.999994314758698932e-01
1.000000000000000000e+00
1.938706215659796933e-35
1.000000000000000000e+00
9.999996352496181018e-01
1.000000000000000000e+00
9.999992954373045917e-01
4.552058488198276202e-20
1.000000000000000000e+00
1.000000000000000000e+00
1.000000000000000000e+00
9.972611506638495715e-01
6.942877804776655345e-21
9.999999999987156940e-01
1.000000000000000000e+00
1.642914537193442863e-17
1.000000000000000000e+00
1.851498167867252827e-25
1.000000000000000000e+00
1.000000000000000000e+00
2.317832887056354976e-20
1.000000000000000000e+00
9.999999999994551025e-01
9.905034000461244714e-01
1.000000000000000000e+00
1.669816401532881953e-02
5.789825609259833768e-41
1.962146364154518155e-06
8.575162765571176600e-17
9.892726780397782110e-04
9.333544003292612024e-01
3.032322630347560445e-04
6.957962413419928212e-10
9.999999999996420641e-01
1.009004891995808954e-19
1.000000000000000000e+00
1.245620998522463809e-18
9.999710677359514577e-01
9.999999999998883116e-01
3.471006084552261488e-23
3.281301653082301846e-07
6.637357432199896195e-09
1.000000000000000000e+00
9.999995163853855340e-01
9.824020006857419052e-01
9.188771241235827491e-35
4.232955317031896790e-27
7.388470486487842132e-12
9.999999942055217694e-01
1.000000000000000000e+00
9.721548358504291665e-01
1.000000000000000000e+00
3.696089466535232814e-20
1.000000000000000000e+00
2.361817492372558028e-14
1.000000000000000000e+00
9.999989846109543778e-01
5.932197257023635992e-23
9.999995997607394882e-01
1.000000000000000000e+00
1.393454345651603532e-01
9.999999999999997780e-01
9.995350431710644523e-01
1.000000000000000000e+00
3.692164501680555726e-17
1.000000000000000000e+00
6.872935181402792542e-45
6.519767146257771100e-11
2.293839136381845399e-28
7.856859945682839533e-30
9.460252079287837461e-14
6.397480904431199135e-22
2.829814266077012415e-17
6.793540978817007303e-02
1.000000000000000000e+00
5.255973920406031087e-05
1.000000000000000000e+00
1.765387165168294666e-04
1.000000000000000000e+00
2.664734763670045380e-12
1.000000000000000000e+00
9.999999999997799538e-01
1.000000000000000000e+00
7.224962370461666301e-08
4.422479922251613699e-08
4.038553364406181469e-14
3.547227161328156581e-29
9.999999999999975575e-01
6.291932942911901827e-17
1.470053338314812778e-14
3.980244006434263127e-01
3.288738150399859509e-18
4.859564470357630872e-13
2.258018397230709740e-39
7.014667405994163491e-44
1.227528968905109671e-31
1.000000000000000000e+00
2.024488589093859446e-42
2.502073409659575330e-37
1.000000000000000000e+00
1.807586378401239148e-75
3.282186118985930019e-42
1.000000000000000000e+00
1.396785380052544559e-38
5.288375878643936577e-16
2.511607530536274150e-08
9.999999999999278355e-01
1.045992861553069074e-71
1.000000000000000000e+00
9.999999999951409979e-01
1.000000000000000000e+00
2.955797292802054362e-10
1.000000000000000000e+00
1.000000000000000000e+00
9.998621747825602313e-01
1.000000000000000000e+00
9.094618266139742761e-25
2.344599861720414912e-68
1.000000000000000000e+00
1.000000000000000000e+00
1.000000000000000000e+00
9.995718947790489528e-01
9.657882644501356754e-10
1.000000000000000000e+00
1.000000000000000000e+00
1.000000000000000000e+00
2.046154312201645664e-21
1.180270476817982337e-07
9.999999999999995559e-01
1.000000000000000000e+00
1.000000000000000000e+00
9.999999999999902300e-01
1.000000000000000000e+00
9.999999999972457587e-01
2.834666822553543159e-87
4.555592718030471485e-08
9.513859371325709136e-01
1.000000000000000000e+00
9.999999961168004603e-01
9.999999999999940048e-01
4.654852059801020294e-30
5.566521971722591380e-30
1.000000000000000000e+00
1.000000000000000000e+00
1.000000000000000000e+00
7.864418333032423915e-24
7.708532486100406755e-01
9.999912139222699725e-01
2.147278788821988611e-26
4.325458866391741140e-24
2.514576556855795364e-05
9.970032962353692074e-01
1.000000000000000000e+00
2.376021130765023723e-20
1.000000000000000000e+00
2.901255192663204301e-24
1.000000000000000000e+00
1.016691904640697391e-09
1.000000000000000000e+00
9.999999999781605808e-01
7.687327671540529802e-22
1.000000000000000000e+00
4.731726141810139810e-24
5.646806583807361992e-14
1.592489713742414373e-13
1.000000000000000000e+00
9.999999996928670143e-01
9.999999999630397873e-01
5.826425201577930322e-34
1.613625737614750354e-04
9.999999997774702276e-01
5.431841419813462311e-07
1.845023047822648457e-35
2.062446213393040155e-05
8.378051789500360336e-01
3.680628212590535937e-10
2.119532836452435759e-06
9.999999988028653863e-01
5.907240224262925410e-23
1.000000000000000000e+00
4.661329355233396009e-16
1.000000000000000000e+00
1.178961496113195508e-21
2.187904020368102566e-28
1.710248494278280758e-09
9.999999999508850657e-01
5.625652136614139401e-16
9.972621357502073902e-01
1.000000000000000000e+00
1.902141346929301618e-31
1.000000000000000000e+00
1.000000000000000000e+00
3.003118810975249116e-21
1.289263151220021634e-09
4.450358685653443835e-02
8.689045467932142125e-09
1.000000000000000000e+00
1.000000000000000000e+00
4.881235333262172936e-67
1.655412611929825300e-20
1.000000000000000000e+00
1.000000000000000000e+00
1.942527289432405535e-20
1.779050286441016987e-11
1.000000000000000000e+00
9.999999998818815961e-01
5.983010229021258675e-12
1.384929657716751790e-07
1.000000000000000000e+00
1.163869155462667060e-02
1.143953998194647174e-17
9.081053174699658915e-49
9.998624121725520064e-01
1.000000000000000000e+00
9.999999696511847613e-01
1.000000000000000000e+00
3.153908198480425842e-07
1.693567607158869936e-04
9.999999999658373273e-01
3.034989890784731051e-42
9.999999999999988898e-01
5.815124197404840943e-44
1.000000000000000000e+00
9.953127479987636805e-01
1.000000000000000000e+00
1.983649079019768181e-05
1.000000000000000000e+00
1.000000000000000000e+00
9.534993319722478988e-01
3.887863696153646180e-22
5.230397306547632117e-09
5.263772652838369120e-15
1.000000000000000000e+00
9.360087601550928452e-44
1.000000000000000000e+00
1.000000000000000000e+00
1.000000000000000000e+00
1.000000000000000000e+00
2.621084301495545947e-25
1.129614023948831854e-47
2.633088452429028212e-28
1.000000000000000000e+00
8.808081051512161447e-03
1.000000000000000000e+00
1.000000000000000000e+00
1.970221372958942812e-20
6.549367691794027072e-38
1.402653365626936451e-05
1.000000000000000000e+00
1.000000000000000000e+00
6.494616627939112406e-35
2.423928874971812946e-15
2.840285702053869019e-16
4.440889368094898537e-01
1.000000000000000000e+00
1.000000000000000000e+00
1.000000000000000000e+00
1.540319367111583116e-22
8.107453821218453998e-49
3.118514224394119791e-44
1.893220126138828399e-41
1.000000000000000000e+00
2.088948112044616728e-15
1.926114594027781067e-19
1.665815505077928849e-38
6.586123332027123121e-32
1.482640871627607960e-45
1.000000000000000000e+00
1.519838923283733252e-11
5.525915774876181467e-17
1.423710930427353157e-22
5.220611630448654725e-11
1.966990970101024390e-18
1.632580191757143391e-55
1.155901102417076136e-11
1.000000000000000000e+00
1.000000000000000000e+00
4.769366028660287835e-17
7.692355899541192900e-18
2.826182742341109301e-18
2.856304433989824594e-03
3.844967839205011046e-34
4.437583476326988064e-36
4.043526770040613530e-18
3.110935306090685158e-34
1.000000000000000000e+00
1.000000000000000000e+00
1.000000000000000000e+00
1.139017717282199581e-13
1.000000000000000000e+00
9.228506364973436936e-14
9.999999999999003020e-01
4.382672852269461439e-05
7.060241749253631285e-16
9.719455423359558699e-01
1.489357505179265029e-04
1.000000000000000000e+00
2.254836875811363190e-25
9.999999560539137855e-01
9.999999999995732303e-01
1.000000000000000000e+00
8.588903726467405012e-23
9.999995454091544778e-01
1.936174482631144166e-07
1.430222016778753934e-37
1.421870257695123640e-45
9.667169587537088882e-01
6.247450736042190673e-34
1.870689989488955189e-11
4.658567820351685040e-01
1.000000000000000000e+00
1.683726040643953515e-10
9.999999999991666666e-01
1.000000000000000000e+00
9.631383452503294771e-15
3.061634641333038839e-39
1.813747606609479035e-01
3.960059580332809646e-26
1.000000000000000000e+00
2.906056821711679616e-89
1.474565063044101619e-11
2.905948520450326772e-18
3.518062028181356475e-26
9.999999999498614400e-01
