0.000000000000000000e+00
2.928932188134525383e-01
4.226497308103742134e-01
5.000000000000000000e-01
5.527864045000421278e-01
5.917517095361369828e-01
6.220355269907728024e-01
6.464466094067262691e-01
6.666666666666666297e-01
6.837722339831621143e-01
6.984886554222363708e-01
7.113248654051871345e-01
7.226499018873854263e-01
7.327387580875756035e-01
7.418011102528389022e-01
7.500000000000000000e-01
7.574643749636670309e-01
7.642977396044841054e-01
7.705842661294383111e-01
7.763932022500210639e-01
7.817821097640076378e-01
7.867992836443895577e-01
7.914855859429251739e-01
7.958758547680684359e-01
8.000000000000000444e-01
8.038838648618159555e-01
8.075499102701247933e-01
8.110177634953863457e-01
8.143046618229481393e-01
8.174258141649446419e-01
8.176746219612347488e-01
8.206160716563294377e-01
8.234206963614348895e-01
8.258046360030338873e-01
8.280880289923251425e-01
8.305555555555556024e-01
8.326504079731016361e-01
8.346639509752818986e-01
8.368577431175791004e-01
8.387172558216651197e-01
8.405099269497922077e-01
8.424777787756242420e-01
8.441426944404887278e-01
8.459791571612798045e-01
8.475306245961249374e-01
8.492498547109996743e-01
8.507000413958077933e-01
8.523141417089009630e-01
8.538775510204080765e-01
8.553928573250636491e-01
8.566663893282858711e-01
8.579040091265633938e-01
8.591073813134393333e-01
8.604632493321103803e-01
8.615993363231870816e-01
8.628842566819214799e-01
8.641344545452975812e-01
8.653514590550815955e-01
8.665367069425436997e-01
8.676915495751551521e-01
8.686533249320066430e-01
8.697537452375533329e-01
8.706685493037804591e-01
8.717187499999999867e-01
8.725902281412990513e-01
8.734424542334908725e-01
8.744253844156160138e-01
8.753860420776033990e-01
8.763252518219000198e-01
8.772437962473236261e-01
8.780015735852874093e-01
8.787440477708862163e-01
8.794717300292553830e-01
8.801851079138891532e-01
8.810179800337873957e-01
8.818339485761771401e-01
8.825037046296336785e-01
8.831609838760953179e-01
8.839327535045261586e-01
8.845646351137603780e-01
8.851851851851850750e-01
8.857947404054141716e-01
8.863936235740619285e-01
8.871011919522313605e-01
8.876782469091769601e-01
8.882455545285959930e-01
8.889183303154261084e-01
8.894656454039728821e-01
8.900040301040893498e-01
8.906448372144435410e-01
8.911648561095849574e-01
8.917853650417479905e-01
8.922880187808276409e-01
8.927829136416559619e-01
8.933755115646223599e-01
8.939585481101938180e-01
8.945322760435242548e-01
8.949948980893310813e-01
8.954507512388328871e-01
8.960000000000000187e-01
8.964418132187159660e-01
8.968773540296228752e-01
8.974038577724146037e-01
8.979225131065988741e-01
8.984335118257142927e-01
8.989370392492723738e-01
8.994332745003671414e-01
8.999223907688969071e-01
9.004045555612710805e-01
9.008799309374135866e-01
9.012585836457277511e-01
9.016323643587876857e-01
9.020013773928556855e-01
9.023657239516579276e-01
9.027255022450785260e-01
9.030808076023593145e-01
9.035172026655722277e-01
9.039478585907778641e-01
9.042888656009298032e-01
9.047091113449808875e-01
9.050413223140495456e-01
9.053696114179066168e-01
9.057753565744282032e-01
9.061760206580367072e-01
9.064917080910084302e-01
9.068037901688998925e-01
9.071123354890645585e-01
9.074955358281646678e-01
9.078741199636857218e-01
9.081712560886041619e-01
9.085414663294885118e-01
9.089073178776871931e-01
9.092688949719992531e-01
9.095516527331169998e-01
9.099054774945478652e-01
9.102552591779875524e-01
9.106010736378654657e-01
9.108705309911158121e-01
9.111372096307476243e-01
9.114725859247340134e-01
9.117333427931381129e-01
9.120618905990502956e-01
9.123868661841231242e-01
9.126388888888888884e-01
9.129573887379007768e-01
9.132040033297355031e-01
9.134482170309364824e-01
9.137576364189832212e-01
9.139967110095545966e-01
9.142335051548218239e-01
9.144680551644366329e-01
9.147661860139566503e-01
9.149959234765723259e-01
9.152884616264225226e-01
9.155780606322009296e-01
9.158647689946869397e-01
9.160849398389792064e-01
9.163031200058432413e-01
9.165193395547842625e-01
9.167961279108325368e-01
9.170081256829500926e-01
9.172799824645414546e-01
9.174878902978180761e-01
9.177549634748960461e-01
9.180195136189182037e-01
9.182815798827839160e-01
9.185412005779228783e-01
9.187388893878121188e-01
9.189349112426035138e-01
9.191292896335220286e-01
9.193805271209601893e-01
9.195713472202444727e-01
9.198183989966113305e-01
9.200057649500564816e-01
9.202487486298872588e-01
9.204895785806398445e-01
9.207282861655730066e-01
9.209087223399714528e-01
9.211435906220276637e-01
9.213208678536179974e-01
9.215520010684918883e-01
9.217262077604411186e-01
9.219537061973551717e-01
9.221792751815868217e-01
9.224029416019022820e-01
9.225709683870106925e-01
9.227911957868151216e-01
9.229564036766272350e-01
9.231732814073076998e-01
9.233883775548982209e-01
9.236017161702909650e-01
9.237612375211171623e-01
9.239714012976408819e-01
9.241798742556067703e-01
9.243353967008653971e-01
9.244897959183673297e-01
9.246430854865886895e-01
9.248457838046687529e-01
9.249966401011596728e-01
9.251464286625318278e-01
9.252951621394515103e-01
9.254923579231861819e-01
9.256880355650873859e-01
9.258822142719861370e-01
9.260749129139336233e-01
9.262176063424114592e-01
9.264076346655132355e-01
9.265962353325124523e-01
9.267355790820432926e-01
9.268739858155831124e-01
9.270588594508502034e-01
9.271952000906819036e-01
9.273306369759005685e-01
9.275119091124087722e-01
9.276918627180045229e-01
9.278242172586478320e-01
9.280017941749784116e-01
9.281780971117841172e-01
9.283074789905055857e-01
9.284814863434117660e-01
9.286542621726455726e-01
9.287807757590368363e-01
9.289064902339130292e-01
9.290760569123892587e-01
9.292000000000000259e-01
9.293674185195168747e-01
9.294896300370653064e-01
9.296549465708943139e-01
9.298191332274351462e-01
9.299387244381648321e-01
9.301008774370781440e-01
9.302619364240924948e-01
9.303789950761843786e-01
9.304953506180745348e-01
9.306535633209007674e-01
9.308107263526277375e-01
9.309668511596740359e-01
9.310799322086718011e-01
9.311923490150506577e-01
9.313041081209110228e-01
9.314152159780189066e-01
9.315670012634585939e-01
9.316766555743263289e-01
9.317856788594460760e-01
9.319348935343937379e-01
9.320831574392498542e-01
9.322304805301753206e-01
9.323365500381315396e-01
9.324821827322131718e-01
9.326269023286661852e-01
9.327308775992935175e-01
9.328342746518901718e-01
9.329766245716165640e-01
9.330787256850230360e-01
9.332194814570801134e-01
9.333203125000000266e-01
9.334595044884724802e-01
9.335590906195080363e-01
9.336581383396264089e-01
9.337566525321879807e-01
9.338546380184311602e-01
9.339520995584875696e-01
9.340870646660662802e-01
9.342212271167453785e-01
9.343545947541934682e-01
9.344495813308378862e-01
9.345815232509944170e-01
9.347126922078079492e-01
9.348059209212336018e-01
9.349357038596169955e-01
9.350278344766687066e-01
9.351194916270370028e-01
9.352106793939936047e-01
9.353014018114073069e-01
9.353916628645120301e-01
9.355176983747180985e-01
9.356430187461289849e-01
9.357316594225620898e-01
9.358198560659313214e-01
9.359076124093761440e-01
9.359949321420006907e-01
9.360818189095417852e-01
9.361682763150243058e-01
9.362895191870098666e-01
9.363750049614989468e-01
9.364950378320457958e-01
9.365795693287929380e-01
9.366636905521098511e-01
9.367820069204152444e-01
9.368651982680443746e-01
9.369823543362898466e-01
9.370988787132578102e-01
9.371806473005547256e-01
9.372960410969816136e-01
9.374108189934085011e-01
9.375249863893769797e-01
9.376048785851248679e-01
9.376843968569940069e-01
9.377635441433689323e-01
9.378423233502269918e-01
9.379539599429618235e-01
9.380650141555864074e-01
9.381424876776437438e-01
9.382525006038781035e-01
9.383291583455499740e-01
9.384054669029719964e-01
9.384814289470492232e-01
9.385895146524793065e-01
9.386970489549045782e-01
9.387717784095405138e-01
9.388461730943314931e-01
9.389522868098425512e-01
9.390259170836274816e-01
9.390992207159151173e-01
9.391722001402987852e-01
9.392765033345416015e-01
9.393802874554662008e-01
9.394835567448875935e-01
9.395549674341793223e-01
9.396573175568802005e-01
9.397591646775786955e-01
9.398294569550400546e-01
9.399304063527699205e-01
9.400308641975307911e-01
9.401000651890869531e-01
9.401996460600763328e-01
9.402987464623092650e-01
9.403668823978289515e-01
9.404347307728119221e-01
9.405325966565482032e-01
9.405997844571792887e-01
9.406666913051032752e-01
9.407633492042470902e-01
9.408595502584667924e-01
9.409552980132959155e-01
9.410208340713537289e-01
9.410861004356707582e-01
9.411806847699948353e-01
9.412748285748472332e-01
9.413391234545883668e-01
9.414031570102838753e-01
9.414961707929301316e-01
9.415596017910273785e-01
9.416518470317398748e-01
9.417146844498647251e-01
9.418061720076275067e-01
9.418684246394950499e-01
9.419591651577130520e-01
9.420208416179177702e-01
9.421108455299113116e-01
9.421719542585661467e-01
9.422328227019863833e-01
9.422934524482283747e-01
9.423538450706087088e-01
9.424140021278800683e-01
9.424739251644042026e-01
9.425616269148060500e-01
9.426489412035188309e-01
9.427080156872382766e-01
9.427668630516661263e-01
9.428531855955678553e-01
9.429391308990716647e-01
9.429971534588841298e-01
9.430549555273199935e-01
9.431399357731578004e-01
9.431972262158144771e-01
9.432543007627756104e-01
9.433111607817434852e-01
9.433678076282504543e-01
9.434242426457982722e-01
9.435074213438930935e-01
9.435902459495535410e-01
9.436459092850678632e-01
9.437013668188353188e-01
9.437566198300620934e-01
9.438116695867855288e-01
9.438665173459996893e-01
9.439211643537794849e-01
9.439756118454024625e-01
9.440298610454690431e-01
9.441101598871818323e-01
9.441639474271331656e-01
9.442175406452398834e-01
9.442709407217635409e-01
9.443501228528698999e-01
9.444030728566200628e-01
9.444816733406280473e-01
9.445341792588755059e-01
9.445864984727947444e-01
9.446386320985892260e-01
9.447161566906588925e-01
9.447933674120125858e-01
9.448702663471170160e-01
9.449214748505928574e-01
9.449978206450423412e-01
9.450486079426488883e-01
9.450992184969280174e-01
9.451747789702827918e-01
9.452500388173338264e-01
9.453000000000000291e-01
9.453497891507337547e-01
9.454242828875477622e-01
9.454736692285709010e-01
9.455228868073777271e-01
9.455966279517946660e-01
9.456454500915916217e-01
9.457186766785903309e-01
9.457916181912821019e-01
9.458642764498896849e-01
9.459122630146258315e-01
9.459844195051432258e-01
9.460320259735859327e-01
9.460794735627783281e-01
9.461509177539081383e-01
9.462220884347259942e-01
9.462689488609916655e-01
9.463156544889795851e-01
9.463861296237839893e-01
9.464324711323290895e-01
9.465024701985714772e-01
9.465722050275621191e-01
9.466416772551364822e-01
9.466872478411556546e-01
9.467326705680323418e-01
9.468014756545707344e-01
9.468700240231342491e-01
9.469383172445572372e-01
9.470063568763518180e-01
9.470741444628534289e-01
9.471416815353618235e-01
9.471857677561335009e-01
9.472297139029669522e-01
9.472966154128915628e-01
9.473402304390791118e-01
9.474066963713377865e-01
9.474729199824705184e-01
9.475389027213656501e-01
9.476046460249044623e-01
9.476701513180879610e-01
9.477126927414339930e-01
9.477551020408162552e-01
9.477973799067593852e-01
9.478395270247162996e-01
9.479040665976387059e-01
9.479459036435242680e-01
9.479876121947904410e-01
9.480291929155540975e-01
9.480929678936795835e-01
9.481565169278109995e-01
9.482198413305769069e-01
9.482829424040369881e-01
9.483236975459853335e-01
9.483643296087089780e-01
9.484268656494803107e-01
9.484672050162098467e-01
9.485074233793377996e-01
9.485475213497425173e-01
9.486093335951040206e-01
9.486709315190147151e-01
9.487105772094958089e-01
9.487717972927374177e-01
9.488111614554056716e-01
9.488504094094243335e-01
9.488895417322140702e-01
9.489500643735067076e-01
9.490103802285972945e-01
9.490490771796047387e-01
9.491090286832134515e-01
9.491687766536660575e-01
9.492283222238467877e-01
9.492876665179010853e-01
9.493468106513210936e-01
9.493846140819826029e-01
9.494223087626444402e-01
9.494809478515235934e-01
9.495393907836581215e-01
9.495976386348781162e-01
9.496556924728354332e-01
9.496926765303613793e-01
9.497503890058237586e-01
9.497871204210671658e-01
9.498444949873462440e-01
9.499016804014956961e-01
9.499586776859504367e-01
9.500154878554849525e-01
9.500515357856005316e-01
9.500874831092264161e-01
9.501438221023960073e-01
9.501795277226563474e-01
9.502355424796593564e-01
9.502710089448090924e-01
9.503063774742059877e-01
9.503416485231991340e-01
9.503768225441621142e-01
9.504321020067189041e-01
9.504670425870829220e-01
9.505220083671793718e-01
9.505567179349855289e-01
9.505913330167299335e-01
9.506458540455041684e-01
9.506802415314502541e-01
9.507145359813067298e-01
9.507686185346208019e-01
9.508225300050848761e-01
9.508564692996003265e-01
9.508903175477866343e-01
9.509437990268018170e-01
9.509971126264220587e-01
9.510306128449835805e-01
9.510836317932161998e-01
9.511364852841380779e-01
9.511891741640823295e-01
9.512222060959958370e-01
9.512551509405948735e-01
9.513074265602674551e-01
9.513595406019978995e-01
9.514114938843595271e-01
9.514439822008740055e-01
9.514956535938513538e-01
9.515279357366097646e-01
9.515793278755922957e-01
9.516114058919237229e-01
9.516625213775564696e-01
9.517134812563473600e-01
9.517642863047022228e-01
9.517959258868140537e-01
9.518464596568634306e-01
9.518968407570254087e-01
9.519470699432892591e-01
9.519971479664561809e-01
9.520470755721849310e-01
9.520780565085560365e-01
9.521277207624426753e-01
9.521772366733766146e-01
9.522266049676330057e-01
9.522571696501405114e-01
9.523062796126856577e-01
9.523366566182314141e-01
9.523669577047070289e-01
9.523971831917183994e-01
9.524458176853349833e-01
9.524758588208317445e-01
9.525242416362662556e-01
9.525724825301702392e-01
9.526205821848460209e-01
9.526502262597347226e-01
9.526797974117322543e-01
9.527092959430203400e-01
9.527387221540203344e-01
9.527862581615891280e-01
9.528336564487750460e-01
9.528809176694709171e-01
9.529099592906264959e-01
9.529569809639696354e-01
9.529858493711861334e-01
9.530326335923522407e-01
9.530792837199500989e-01
9.531258003838439796e-01
9.531721842097977682e-01
9.532005786766526434e-01
9.532467305187032336e-01
9.532927512625679611e-01
9.533208795292091864e-01
9.533489409001151271e-01
9.533769356433109410e-01
9.534048640253122153e-01
9.534327263111367357e-01
9.534605227643138115e-01
9.535058283393399448e-01
9.535510069387712617e-01
9.535785460108755496e-01
9.536060205046489324e-01
9.536508826821991081e-01
9.536956199818682478e-01
9.537402329732208583e-01
9.537673611111110450e-01
9.537944262462056955e-01
9.538214286250187302e-01
9.538483684927088202e-01
9.538752460930883803e-01
9.539020616686333387e-01
9.539288154604924630e-01
9.539555077084970192e-01
9.539992619388403261e-01
9.540258025428262068e-01
9.540522824145355463e-01
9.540957375632371784e-01
9.541390745018628605e-01
9.541822937571595720e-01
9.542084467000806480e-01
9.542345403609753252e-01
9.542605749662483872e-01
9.543034141474973087e-01
9.543293029263151261e-01
9.543551334168941525e-01
9.543976843638376506e-01
9.544233708353704326e-01
9.544657221804979663e-01
9.544912658830877472e-01
9.545334192440775301e-01
9.545754603480534062e-01
9.546173896846462670e-01
9.546592077405287036e-01
9.546843587080461324e-01
9.547094540909540905e-01
9.547344940962367854e-01
9.547594789297945139e-01
9.547844087964520998e-01
9.548092838999653331e-01
9.548504978856519054e-01
9.548916038515050664e-01
9.549326022611619447e-01
9.549734935755022081e-01
9.549979916077191433e-01
9.550224364228914187e-01
9.550468282158085520e-01
9.550711671802577518e-01
9.551116347388042271e-01
9.551358424827836036e-01
9.551599980580359750e-01
9.552002047135801366e-01
9.552242306295609664e-01
9.552642563897105754e-01
9.552881537281127100e-01
9.553279999999999550e-01
9.553677442710388767e-01
9.554073869687610410e-01
9.554310049513368153e-01
9.554545728396037774e-01
9.554780908125998229e-01
9.555174069090025535e-01
9.555408005092507207e-01
9.555641448051973574e-01
9.555874399719431755e-01
9.556264342152107627e-01
9.556496068843104430e-01
9.556884296091594511e-01
9.557114807808403389e-01
9.557344838398531550e-01
9.557730639554162799e-01
9.557959469199361902e-01
9.558343586768638378e-01
9.558726746196737345e-01
9.559108951396116938e-01
9.559490206257107436e-01
9.559715715886456522e-01
9.560095320910134697e-01
9.560319665409127143e-01
9.560543549743345526e-01
9.560766975503318665e-01
9.561143554102876640e-01
9.561519206090317580e-01
9.561740795841077167e-01
9.561961934739480196e-01
9.562182624331326819e-01
9.562555305179358811e-01
9.562774868742875967e-01
9.562993988297966430e-01
9.563212665357708753e-01
9.563430901427925068e-01
9.563648698007242155e-01
9.563866056587132514e-01
9.564233808214543942e-01
9.564600670498255575e-01
9.564966646958035223e-01
9.565181590944195067e-01
9.565546031351019884e-01
9.565909595703985246e-01
9.566122810618422623e-01
9.566484856283899996e-01
9.566697004217027400e-01
9.567057542177155316e-01
9.567268631400829282e-01
9.567627672525528260e-01
9.567837711223736719e-01
9.568195266272190302e-01
9.568404262542241634e-01
9.568612849538978837e-01
9.568968304018042881e-01
9.569322918755845953e-01
9.569676696998740129e-01
9.570029641975700274e-01
9.570235344014106360e-01
9.570440647300707537e-01
9.570645553138120709e-01
9.570850062822982007e-01
9.571199738053557393e-01
9.571548596566338274e-01
9.571896641482652290e-01
9.572098948371069449e-01
