0.000000000000000000e+00
5.000000000000000000e-01
6.666666666666666297e-01
5.000000000000000000e-01
5.999999999999999778e-01
6.666666666666666297e-01
7.142857142857143016e-01
6.250000000000000000e-01
5.555555555555555802e-01
5.000000000000000000e-01
5.454545454545454142e-01
5.833333333333333703e-01
6.153846153846154188e-01
5.714285714285713969e-01
5.999999999999999778e-01
5.625000000000000000e-01
5.294117647058823595e-01
5.000000000000000000e-01
5.263157894736841813e-01
5.500000000000000444e-01
5.714285714285713969e-01
5.454545454545454142e-01
5.652173913043477826e-01
5.833333333333333703e-01
5.999999999999999778e-01
6.153846153846154188e-01
5.925925925925925597e-01
5.714285714285713969e-01
5.517241379310344751e-01
5.666666666666666519e-01
5.483870967741935054e-01
5.625000000000000000e-01
5.757575757575758013e-01
5.588235294117647189e-01
5.428571428571428159e-01
5.555555555555555802e-01
5.405405405405405705e-01
5.263157894736841813e-01
5.384615384615384359e-01
5.250000000000000222e-01
5.121951219512195230e-01
5.238095238095238360e-01
5.116279069767442067e-01
5.227272727272727071e-01
5.111111111111110716e-01
5.217391304347825942e-01
5.106382978723403854e-01
5.208333333333333703e-01
5.306122448979592177e-01
5.400000000000000355e-01
5.294117647058823595e-01
5.192307692307692735e-01
5.094339622641509413e-01
5.185185185185184897e-01
5.090909090909090384e-01
5.178571428571429047e-01
5.263157894736841813e-01
5.344827586206896131e-01
5.423728813559322015e-01
5.500000000000000444e-01
5.409836065573770947e-01
5.483870967741935054e-01
5.396825396825396526e-01
5.468750000000000000e-01
5.384615384615384359e-01
5.303030303030302761e-01
5.373134328358208922e-01
5.441176470588234837e-01
5.507246376811594235e-01
5.571428571428571619e-01
5.492957746478873693e-01
5.416666666666666297e-01
5.342465753424657793e-01
5.270270270270269730e-01
5.333333333333333259e-01
5.394736842105263275e-01
5.324675324675324228e-01
5.256410256410256610e-01
5.316455696202531112e-01
5.250000000000000222e-01
5.185185185185184897e-01
5.121951219512195230e-01
5.060240963855421326e-01
5.119047619047618625e-01
5.058823529411764497e-01
5.000000000000000000e-01
5.057471264367816577e-01
5.000000000000000000e-01
4.943820224719100986e-01
5.000000000000000000e-01
4.945054945054945250e-01
5.000000000000000000e-01
4.946236559139784994e-01
4.893617021276595591e-01
4.947368421052631415e-01
5.000000000000000000e-01
5.051546391752577136e-01
5.000000000000000000e-01
4.949494949494949725e-01
5.000000000000000000e-01
4.950495049504950451e-01
4.901960784313725283e-01
4.951456310679611672e-01
5.000000000000000000e-01
5.047619047619047450e-01
5.094339622641509413e-01
5.140186915887849928e-01
5.185185185185184897e-01
5.229357798165137350e-01
5.272727272727272263e-01
5.225225225225225145e-01
5.178571428571429047e-01
5.132743362831858613e-01
5.087719298245614308e-01
5.043478260869564966e-01
5.000000000000000000e-01
5.042735042735042583e-01
5.084745762711864181e-01
5.042016806722688926e-01
5.083333333333333037e-01
5.041322314049586639e-01
5.000000000000000000e-01
5.040650406504064707e-01
5.080645161290322509e-01
5.040000000000000036e-01
5.000000000000000000e-01
4.960629921259842590e-01
5.000000000000000000e-01
5.038759689922480689e-01
5.000000000000000000e-01
5.038167938931297218e-01
5.075757575757575690e-01
5.112781954887217761e-01
5.074626865671642006e-01
5.111111111111110716e-01
5.147058823529411242e-01
5.182481751824817851e-01
5.144927536231883591e-01
5.107913669064748641e-01
5.142857142857142350e-01
5.106382978723403854e-01
5.140845070422535024e-01
5.174825174825175012e-01
5.138888888888888395e-01
5.172413793103448620e-01
5.136986301369863561e-01
5.102040816326530726e-01
5.135135135135134865e-01
5.100671140939597725e-01
5.066666666666667096e-01
5.033112582781457123e-01
5.065789473684210176e-01
5.032679738562091387e-01
5.064935064935064402e-01
5.096774193548386789e-01
5.128205128205127750e-01
5.095541401273885329e-01
5.063291139240506666e-01
5.031446540880503138e-01
5.062499999999999778e-01
5.031055900621117516e-01
5.061728395061728669e-01
5.030674846625766694e-01
5.060975609756097615e-01
5.090909090909090384e-01
5.120481927710843761e-01
5.149700598802394724e-01
5.119047619047618625e-01
5.088757396449704595e-01
5.058823529411764497e-01
5.087719298245614308e-01
5.058139534883721034e-01
5.086705202312138407e-01
5.057471264367816577e-01
5.085714285714285632e-01
5.113636363636363535e-01
5.141242937853107708e-01
5.112359550561798027e-01
5.139664804469273873e-01
5.111111111111110716e-01
5.138121546961326169e-01
5.109890109890109500e-01
5.136612021857923649e-01
5.163043478260869179e-01
5.189189189189189477e-01
5.161290322580645018e-01
5.187165775401069157e-01
5.159574468085106336e-01
5.185185185185184897e-01
5.210526315789473228e-01
5.235602094240837667e-01
5.208333333333333703e-01
5.233160621761657749e-01
5.257731958762886793e-01
5.230769230769231060e-01
5.204081632653061451e-01
5.177664974619289318e-01
5.202020202020202211e-01
5.175879396984924830e-01
5.150000000000000133e-01
5.124378109452736307e-01
5.148514851485148647e-01
5.172413793103448620e-01
5.196078431372549433e-01
5.219512195121951414e-01
5.194174757281553312e-01
5.217391304347825942e-01
5.240384615384615641e-01
5.215311004784688453e-01
5.190476190476190910e-01
5.213270142180095323e-01
5.188679245283018826e-01
5.164319248826291231e-01
5.186915887850467310e-01
5.209302325581395277e-01
5.185185185185184897e-01
5.207373271889400579e-01
5.229357798165137350e-01
5.205479452054794232e-01
5.227272727272727071e-01
5.248868778280543212e-01
5.225225225225225145e-01
5.201793721973093643e-01
5.223214285714286031e-01
5.200000000000000178e-01
5.221238938053097689e-01
5.198237885462555496e-01
5.219298245614034659e-01
5.240174672489082974e-01
5.217391304347825942e-01
5.238095238095238360e-01
5.258620689655172376e-01
5.236051502145923076e-01
5.213675213675214026e-01
5.234042553191489144e-01
5.254237288135593653e-01
5.274261603375527407e-01
5.252100840336134668e-01
5.230125523012552069e-01
5.208333333333333703e-01
5.186721991701245260e-01
5.206611570247934306e-01
5.185185185185184897e-01
5.163934426229508379e-01
5.183673469387755084e-01
5.203252032520325754e-01
5.222672064777328371e-01
5.201612903225806273e-01
5.220883534136546711e-01
5.240000000000000213e-01
5.219123505976095423e-01
5.198412698412698818e-01
5.217391304347825942e-01
5.196850393700787052e-01
5.215686274509804266e-01
5.195312500000000000e-01
5.214007782101167665e-01
5.193798449612403445e-01
5.173745173745173398e-01
5.153846153846153300e-01
5.134099616858237569e-01
5.114503816793892765e-01
5.133079847908744719e-01
5.151515151515151381e-01
5.169811320754716943e-01
5.150375939849624052e-01
5.168539325842697041e-01
5.186567164179104461e-01
5.167286245353159835e-01
5.185185185185184897e-01
5.166051660516605137e-01
5.147058823529411242e-01
5.128205128205127750e-01
5.109489051094890932e-01
5.090909090909090384e-01
5.108695652173913526e-01
5.126353790613717987e-01
5.107913669064748641e-01
5.089605734767025380e-01
5.071428571428571175e-01
5.053380782918149849e-01
5.035460992907800915e-01
5.017667844522968323e-01
5.035211267605633756e-01
5.017543859649122862e-01
5.034965034965035446e-01
5.017421602787456303e-01
5.000000000000000000e-01
5.017301038062284002e-01
5.000000000000000000e-01
5.017182130584192379e-01
5.034246575342465890e-01
5.017064846416382506e-01
5.034013605442176909e-01
5.050847457627118953e-01
5.067567567567567988e-01
5.050505050505050830e-01
5.033557046979866278e-01
5.016722408026755842e-01
5.000000000000000000e-01
5.016611295681062677e-01
5.033112582781457123e-01
5.016501650165016146e-01
5.032894736842105088e-01
5.016393442622950616e-01
5.000000000000000000e-01
4.983713355048859928e-01
5.000000000000000000e-01
5.016181229773463146e-01
5.000000000000000000e-01
4.983922829581993730e-01
5.000000000000000000e-01
4.984025559105431102e-01
4.968152866242038224e-01
4.952380952380952550e-01
4.968354430379746667e-01
4.984227129337539530e-01
5.000000000000000000e-01
4.984326018808777348e-01
5.000000000000000000e-01
5.015576323987538387e-01
5.000000000000000000e-01
5.015479876160990891e-01
5.030864197530864335e-01
5.015384615384614886e-01
5.030674846625766694e-01
5.045871559633027248e-01
5.030487804878048808e-01
5.015197568389058169e-01
5.030303030303030498e-01
5.015105740181269312e-01
5.000000000000000000e-01
5.015015015015015232e-01
5.029940119760478723e-01
5.044776119402984982e-01
5.029761904761904656e-01
5.014836795252225476e-01
5.029585798816568198e-01
5.044247787610619538e-01
5.029411764705882248e-01
5.014662756598240456e-01
5.029239766081871066e-01
5.014577259475219151e-01
5.029069767441860517e-01
5.014492753623188692e-01
5.028901734104046506e-01
5.014409221902017544e-01
5.028735632183908288e-01
5.014326647564469885e-01
5.028571428571428914e-01
5.014245014245014564e-01
5.000000000000000000e-01
4.985835694050991251e-01
4.971751412429378791e-01
4.957746478873239493e-01
4.943820224719100986e-01
4.957983193277311074e-01
4.972067039106145003e-01
4.958217270194986148e-01
4.944444444444444642e-01
4.958448753462603720e-01
4.972375690607734877e-01
4.958677685950413361e-01
4.945054945054945250e-01
4.958904109589041265e-01
4.945355191256830540e-01
4.931880108991825717e-01
4.918478260869565410e-01
4.905149051490514944e-01
4.891891891891891886e-01
4.905660377358490587e-01
4.919354838709677491e-01
4.906166219839142029e-01
4.893048128342246117e-01
4.879999999999999893e-01
4.867021276595744905e-01
4.854111405835543902e-01
4.841269841269841279e-01
4.828496042216358641e-01
4.815789473684210509e-01
4.829396325459317518e-01
4.816753926701570765e-01
4.804177545691906137e-01
4.791666666666666852e-01
4.805194805194805130e-01
4.792746113989637124e-01
4.806201550387597110e-01
4.793814432989690899e-01
4.781491002570694149e-01
4.769230769230769496e-01
4.782608695652174058e-01
4.795918367346938549e-01
4.809160305343511688e-01
4.796954314720812129e-01
4.810126582278481111e-01
4.797979797979797789e-01
4.785894206549118346e-01
4.798994974874372099e-01
4.812030075187969658e-01
4.799999999999999822e-01
4.788029925187032299e-01
4.800995024875621686e-01
4.789081885856079635e-01
4.777227722772277030e-01
4.790123456790123524e-01
4.778325123152709630e-01
4.791154791154791370e-01
4.803921568627451122e-01
4.816625916870415636e-01
4.804878048780487632e-01
4.817518248175182705e-01
4.805825242718446688e-01
4.794188861985472228e-01
4.806763285024154841e-01
4.819277108433734913e-01
4.807692307692307820e-01
4.796163069544364665e-01
4.808612440191387671e-01
4.797136038186157747e-01
4.809523809523809645e-01
4.821852731591448893e-01
4.834123222748815119e-01
4.822695035460992652e-01
4.811320754716981174e-01
4.823529411764705954e-01
4.835680751173708769e-01
4.847775175644027934e-01
4.859813084112149517e-01
4.871794871794871695e-01
4.883720930232557933e-01
4.872389791183294738e-01
4.861111111111111049e-01
4.872979214780600588e-01
4.861751152073732762e-01
4.873563218390804530e-01
4.885321100917431325e-01
4.897025171624713735e-01
4.908675799086757996e-01
4.920273348519362266e-01
4.909090909090909061e-01
4.897959183673469274e-01
4.886877828054298489e-01
4.875846501128668353e-01
4.887387387387387427e-01
4.876404494382022281e-01
4.865470852017937387e-01
4.854586129753915014e-01
4.866071428571428492e-01
4.877505567928730468e-01
4.888888888888888729e-01
4.900221729490022438e-01
4.889380530973451155e-01
4.878587196467991105e-01
4.889867841409691884e-01
4.879120879120878995e-01
4.868421052631579093e-01
4.857768052516411306e-01
4.868995633187773175e-01
4.880174291938997877e-01
4.869565217391304546e-01
4.880694143167028098e-01
4.870129870129870087e-01
4.859611231101511608e-01
4.849137931034482873e-01
4.860215053763440873e-01
4.871244635193133221e-01
4.860813704496788068e-01
4.871794871794871695e-01
4.882729211087419863e-01
4.893617021276595591e-01
4.904458598726114671e-01
4.915254237288135819e-01
4.904862579281183965e-01
4.894514767932489629e-01
4.905263157894736992e-01
4.915966386554621592e-01
4.926624737945492494e-01
4.937238493723849486e-01
4.926931106471816313e-01
4.937500000000000222e-01
4.927234927234927508e-01
4.937759336099585283e-01
4.948240165631470067e-01
4.958677685950413361e-01
4.969072164948453718e-01
4.958847736625514591e-01
4.948665297741273172e-01
4.959016393442622905e-01
4.948875255623721992e-01
4.959183673469387821e-01
4.949083503054989563e-01
4.939024390243902385e-01
4.929006085192697562e-01
4.919028340080971451e-01
4.929292929292929393e-01
4.919354838709677491e-01
4.929577464788732488e-01
4.919678714859437862e-01
4.909819639278557024e-01
4.919999999999999929e-01
4.910179640718562721e-01
4.900398406374502080e-01
4.910536779324055634e-01
4.920634920634920362e-01
4.910891089108910812e-01
4.901185770750988158e-01
4.911242603550295960e-01
4.921259842519685179e-01
4.911591355599214115e-01
4.921568627450980116e-01
4.931506849315068219e-01
4.941406250000000000e-01
4.931773879142299921e-01
4.922178988326848526e-01
4.932038834951456563e-01
4.941860465116278966e-01
4.951644100580270824e-01
4.942084942084942201e-01
4.951830443159923045e-01
4.942307692307692513e-01
4.952015355086372139e-01
4.942528735632183978e-01
4.952198852772466409e-01
4.961832061068702227e-01
4.971428571428571641e-01
4.961977186311787302e-01
4.971537001897533004e-01
4.981060606060606077e-01
4.990548204158790080e-01
5.000000000000000000e-01
5.009416195856873921e-01
5.000000000000000000e-01
5.009380863039399889e-01
5.018726591760299671e-01
5.028037383177570430e-01
5.018656716417910779e-01
5.027932960893854997e-01
5.018587360594795044e-01
5.009276437847866026e-01
5.000000000000000000e-01
5.009242144177449285e-01
5.000000000000000000e-01
5.009208103130755596e-01
5.018382352941176405e-01
5.027522935779816793e-01
5.018315018315018250e-01
5.009140767824497020e-01
5.000000000000000000e-01
4.990892531876138238e-01
5.000000000000000000e-01
5.009074410163338875e-01
5.018115942028985588e-01
5.009041591320072540e-01
5.018050541516245744e-01
5.009009009009008917e-01
5.017985611510791255e-01
5.026929982046678402e-01
5.035842293906810374e-01
5.044722719141323530e-01
5.035714285714285587e-01
5.044563279857398053e-01
5.053380782918149849e-01
5.044404973357016209e-01
5.035460992907800915e-01
5.026548672566372167e-01
5.017667844522968323e-01
5.008818342151675207e-01
5.000000000000000000e-01
5.008787346221441616e-01
5.017543859649122862e-01
5.008756567425569628e-01
5.000000000000000000e-01
5.008726003490401313e-01
5.017421602787456303e-01
5.026086956521739202e-01
5.017361111111111605e-01
5.008665511265164572e-01
5.000000000000000000e-01
4.991364421416235042e-01
4.982758620689655138e-01
4.974182444061961972e-01
4.965635738831615242e-01
4.957118353344768247e-01
4.965753424657534110e-01
4.957264957264957417e-01
4.948805460750853036e-01
4.957410562180579183e-01
4.965986394557823091e-01
4.974533106960950524e-01
4.966101694915254217e-01
4.957698815566836115e-01
4.949324324324324564e-01
4.957841483979764097e-01
4.949494949494949725e-01
4.941176470588235503e-01
4.949664429530201137e-01
4.941373534338358575e-01
4.949832775919732475e-01
4.941569282136895058e-01
4.949999999999999956e-01
4.958402662229617341e-01
4.966777408637873537e-01
4.975124378109452850e-01
4.966887417218542877e-01
4.958677685950413361e-01
4.950495049504950451e-01
4.942339373970345839e-01
4.934210526315789269e-01
4.926108374384236543e-01
4.934426229508196982e-01
4.942716857610474634e-01
4.950980392156862919e-01
4.959216965742251348e-01
4.951140065146579783e-01
4.943089430894309078e-01
4.935064935064935043e-01
4.927066450567260669e-01
4.935275080906149081e-01
4.927302100161550791e-01
4.919354838709677491e-01
4.927536231884058204e-01
4.919614147909968094e-01
4.927768860353129998e-01
4.919871794871794601e-01
4.928000000000000158e-01
4.936102236421724965e-01
4.944178628389154784e-01
4.936305732484076447e-01
4.928457869634340072e-01
4.920634920634920362e-01
4.928684627575277144e-01
4.920886075949367222e-01
4.913112164296998263e-01
4.905362776025236626e-01
4.913385826771653475e-01
4.905660377358490587e-01
4.913657770800627933e-01
4.905956112852664641e-01
4.898278560250391434e-01
4.906249999999999778e-01
4.898595943837753541e-01
4.906542056074766345e-01
4.914463452566096291e-01
4.922360248447205100e-01
4.930232558139535093e-01
4.922600619195046656e-01
4.930448222565687599e-01
4.922839506172839719e-01
4.915254237288135819e-01
4.907692307692307909e-01
4.915514592933947768e-01
4.923312883435582710e-01
4.915773353751914376e-01
4.908256880733944949e-01
4.900763358778625900e-01
4.908536585365853577e-01
4.901065449010654218e-01
4.893617021276595591e-01
4.886191198786039580e-01
4.878787878787878562e-01
4.871406959152798644e-01
4.864048338368580082e-01
4.871794871794871695e-01
4.879518072289156794e-01
4.887218045112781684e-01
4.879879879879879812e-01
4.887556221889055585e-01
4.895209580838323360e-01
4.887892376681614581e-01
4.895522388059701524e-01
4.888226527570789792e-01
4.895833333333333148e-01
4.888558692421990926e-01
4.896142433234421110e-01
4.888888888888888729e-01
4.896449704142011861e-01
4.889217134416543598e-01
4.882005899705014751e-01
4.889543446244477010e-01
4.897058823529411575e-01
4.904552129221732559e-01
4.912023460410557263e-01
4.904831625183015964e-01
4.897660818713450159e-01
4.890510948905109623e-01
4.883381924198250679e-01
4.890829694323143850e-01
4.898255813953488191e-01
4.905660377358490587e-01
4.898550724637681375e-01
