2.500000000000000000e-01
2.608777422663836054e-01
3.767508093110227274e-01
3.338522230180630546e-01
3.899709112511940967e-01
3.914907195152435571e-01
4.022981452501248056e-01
3.705199698826419086e-01
3.433216985033258895e-01
3.220441535318216419e-01
3.481317427296098388e-01
3.812928343605299641e-01
3.772225083100235188e-01
3.546719723264898927e-01
3.902640885194697540e-01
3.704719461461370988e-01
3.559728438224717961e-01
3.412375766982985725e-01
3.440513615360999422e-01
3.536986503801746728e-01
3.668127034428848576e-01
3.543546753734290733e-01
3.511288506361485706e-01
3.478135679944724945e-01
3.576146881732638616e-01
3.535682541697183212e-01
3.485420135651412510e-01
3.433450144441927421e-01
3.367321115887562111e-01
3.402803319400530269e-01
3.340968433313356023e-01
3.347788004486624835e-01
3.356324312565819867e-01
3.301018498363275100e-01
3.269240500654209125e-01
3.289034104944217329e-01
3.235142724155180005e-01
3.171407825520020096e-01
3.187475169103658468e-01
3.148790329075424888e-01
3.125698994905821149e-01
3.118530524635422241e-01
3.101824963144567682e-01
3.191030072910346904e-01
3.163860356744035429e-01
3.178003270646377332e-01
3.117716184384501932e-01
3.169535297634204496e-01
3.237681669998668799e-01
3.288074478539981804e-01
3.257678671617090238e-01
3.215216000510300320e-01
3.188871948279251023e-01
3.210004406302775504e-01
3.180946763216095374e-01
3.174950624313113146e-01
3.193309392876210184e-01
3.261548900481881508e-01
3.250061611717620647e-01
3.275452060496011897e-01
3.247663576568149413e-01
3.282741040796887111e-01
3.238124956448465985e-01
3.302212499738564344e-01
3.272320918753351404e-01
3.248099087528959483e-01
3.252074277614732667e-01
3.324338477733745911e-01
3.330154588053069742e-01
3.318496191394413319e-01
3.305439829267634577e-01
3.284480040144191482e-01
3.262342688628486198e-01
3.249773308095700308e-01
3.258691206478446234e-01
3.292659305251640078e-01
3.275101958693915072e-01
3.253411763097400211e-01
3.251309313935746848e-01
3.230538925635355607e-01
3.211413693849912709e-01
3.184451738218523342e-01
3.146229285102142281e-01
3.196649445264241329e-01
3.180204517523995689e-01
3.144114183644235450e-01
3.199914916182211577e-01
3.165298318199391003e-01
3.138695575949145278e-01
3.169567780165190030e-01
3.161158313428714117e-01
3.218121735219302559e-01
3.193576348555721145e-01
3.165493120278299322e-01
3.230377590183108882e-01
3.262584941089358703e-01
3.298248030488511451e-01
3.272660581206693342e-01
3.239790495197702458e-01
3.275854686940079530e-01
3.249170217478239975e-01
3.219631335704306041e-01
3.241621519851438649e-01
3.236774132018543360e-01
3.269682697244261638e-01
3.274553041837401368e-01
3.268795136957307057e-01
3.293041448026641782e-01
3.312418412525508504e-01
3.319970772670386983e-01
3.305162863089817771e-01
3.280306435654746777e-01
3.271397594129569208e-01
3.256655047116788770e-01
3.234268548456364911e-01
3.210555292136125782e-01
3.242712977333940261e-01
3.254391470329880964e-01
3.236096273384435618e-01
3.243190923199726905e-01
3.230926836544117942e-01
3.220861495336360125e-01
3.220350260731004721e-01
3.241333543595797395e-01
3.233356249900187773e-01
3.222340360649279534e-01
3.209828269748049578e-01
3.219024521355673407e-01
3.220829513370614960e-01
3.211084224935953912e-01
3.219418503268562382e-01
3.218998681932179196e-01
3.213910390383867832e-01
3.206137229969641123e-01
3.203139896123703978e-01
3.209119266544375182e-01
3.213858538855323133e-01
3.208121370549969487e-01
3.194756938334112895e-01
3.190093006076609727e-01
3.183105579429157395e-01
3.229752398735383223e-01
3.273878521034517264e-01
3.254656644531583320e-01
3.251207793479818364e-01
3.244987347470016936e-01
3.232166796054543045e-01
3.239938030757968379e-01
3.220407731374630989e-01
3.212061324723205491e-01
3.199091666002942813e-01
3.195905610608709146e-01
3.175683827581691210e-01
3.186351892838175659e-01
3.200700181201113770e-01
3.229232044419604875e-01
3.212634229455267332e-01
3.196083263011920139e-01
3.176714025243619899e-01
3.215595508725064278e-01
3.209097148977633207e-01
3.246614787856078044e-01
3.233282166112469991e-01
3.233086515976726361e-01
3.239904440138703934e-01
3.266031339873007866e-01
3.282309975537320290e-01
3.264447304016475648e-01
3.253246276665386350e-01
3.234371113136889631e-01
3.259912794484317589e-01
3.243413566240884172e-01
3.244136093936736964e-01
3.225965948287585761e-01
3.222782518227327309e-01
3.219059319231583616e-01
3.240779807693653369e-01
3.222768096737605448e-01
3.228255301430709712e-01
3.221753754536658132e-01
3.228450835110449613e-01
3.211949865338542542e-01
3.235041943802079434e-01
3.268979404713843739e-01
3.301114672848027287e-01
3.292383619091258651e-01
3.297231170146935897e-01
3.285428251849406567e-01
3.317059244290611053e-01
3.320300732697371027e-01
3.349646238390072694e-01
3.332331797385452155e-01
3.335443151778544335e-01
3.348675789358724897e-01
3.343022457317937346e-01
3.327178772651241401e-01
3.312868379996407597e-01
3.327772734768398855e-01
3.312142751642279670e-01
3.298100466260470154e-01
3.289084177492761496e-01
3.307940063882038872e-01
3.330485254644107718e-01
3.347473512831440345e-01
3.369167244087069024e-01
3.356939874193698436e-01
3.377204863250700684e-01
3.388321104538836170e-01
3.378001033064443881e-01
3.371604878363012592e-01
3.382287406832877874e-01
3.377234641790641811e-01
3.370663486850570822e-01
3.384210733824710715e-01
3.404333050942181527e-01
3.390738411729586899e-01
3.387667614225964852e-01
3.401985393433816784e-01
3.387786330557144288e-01
3.387438857168207362e-01
3.393226967290542406e-01
3.385598292673439036e-01
3.376797753303801830e-01
3.379131082006647802e-01
3.368364063637843686e-01
3.376985754390893768e-01
3.370270901274544650e-01
3.372013028881584717e-01
3.374288923341723367e-01
3.364309432483858497e-01
3.363397188975200680e-01
3.365897187016950176e-01
3.351658716340105704e-01
3.337347800083809712e-01
3.343317547483305452e-01
3.368561480214376513e-01
3.379337123608237570e-01
3.366453086419390339e-01
3.359321810139893616e-01
3.349048940559107845e-01
3.336057736816146480e-01
3.334290057614342495e-01
3.327779395129725204e-01
3.315537465686844154e-01
3.315994282069197885e-01
3.333968635306214234e-01
3.349336723988853848e-01
3.336166273307009100e-01
3.343273691560851857e-01
3.346322089586398207e-01
3.340427132292627665e-01
3.327218225041712052e-01
3.325589337354648567e-01
3.315305461942660847e-01
3.312728717672329126e-01
3.307416470576801659e-01
3.330468783938096977e-01
3.327162976806125050e-01
3.321159862821198572e-01
3.310544001520515089e-01
3.304748243043200140e-01
3.293679897070834195e-01
3.302283320591950511e-01
3.325181511868284812e-01
3.343284131702982664e-01
3.338860209294727266e-01
3.346234209467341403e-01
3.360503513691777688e-01
3.349669318490874348e-01
3.358341834486230915e-01
3.351882370122945543e-01
3.347143888179083815e-01
3.343459379213440941e-01
3.331312841099963729e-01
3.326558546654873605e-01
3.348856297230024537e-01
3.372762879980015227e-01
3.360636713122029939e-01
3.348593240718753528e-01
3.336950431016707519e-01
3.325118107200260020e-01
3.314069183627730841e-01
3.303353820736056878e-01
3.324701953062694226e-01
3.313173538489159742e-01
3.334618009653440573e-01
3.323977601246492219e-01
3.317540501527685426e-01
3.315289644643021894e-01
3.303928915554764645e-01
3.304907917965252406e-01
3.303331148625437419e-01
3.293508370671088259e-01
3.314208598019607321e-01
3.312136562467446477e-01
3.334505798263051046e-01
3.324285392069641909e-01
3.317222343745630520e-01
3.311811616567222893e-01
3.301125283334043758e-01
3.314424077567182936e-01
3.333190617125394439e-01
3.326422259441218499e-01
3.337286677829719994e-01
3.326735583559186082e-01
3.323150728060664250e-01
3.313191912380961668e-01
3.329460261438190738e-01
3.348224823240464887e-01
3.337531392254916573e-01
3.329676544363260327e-01
3.340683154227293561e-01
3.337336737266665687e-01
3.326711949007445379e-01
3.316237921143884715e-01
3.335733247163940041e-01
3.340835683247509458e-01
3.353537248016298378e-01
3.343427763305200640e-01
3.353536624319579107e-01
3.359297424744515093e-01
3.348886563167078334e-01
3.369249563789197821e-01
3.376702658601886675e-01
3.368127769340540922e-01
3.384212689049203582e-01
3.384436328143412553e-01
3.374131596283864165e-01
3.371240449605130141e-01
3.375509259927741423e-01
3.365420892682313148e-01
3.362639754313624385e-01
3.374992389734868259e-01
3.379418638943774700e-01
3.377326657091940243e-01
3.367442425687177665e-01
3.357708463155009704e-01
3.376218283655457730e-01
3.395198072485745011e-01
3.389453595457653234e-01
3.382334734035420953e-01
3.388665062538105954e-01
3.383021278511854080e-01
3.383478477318653810e-01
3.374145960248868814e-01
3.390438620105485357e-01
3.384287253965796438e-01
3.401395213733924838e-01
3.398622513748726370e-01
3.396785760536803478e-01
3.393634630431880406e-01
3.384814577158906101e-01
3.376132210591166194e-01
3.372959119986344012e-01
3.367155507162079009e-01
3.362938962694521638e-01
3.368087276183578394e-01
3.374849470912501537e-01
3.367537145761319017e-01
3.360489136498848728e-01
3.369315028095672959e-01
3.385291499537196880e-01
3.375991435298359988e-01
3.367138477817253062e-01
3.379508398355708376e-01
3.371023732394977102e-01
3.364106696793407458e-01
3.357496212369909250e-01
3.348666166431482072e-01
3.340161058030772234e-01
3.352981903483421289e-01
3.353952536999497136e-01
3.348490149286968420e-01
3.343193371722749108e-01
3.334609200534534579e-01
3.325754188973907288e-01
3.318289279269280301e-01
3.312530877023221465e-01
3.304758180513480137e-01
3.296663573162866845e-01
3.303600048227104402e-01
3.295384228484788403e-01
3.290057967915502868e-01
3.287018258962292605e-01
3.296177319817374385e-01
3.287824686349307135e-01
3.291478542220900860e-01
3.287376171685824078e-01
3.279649364839034020e-01
3.275371586763042853e-01
3.292451540260460385e-01
3.301709060595826584e-01
3.315106969687952598e-01
3.312011507287063727e-01
3.323653860991123699e-01
3.320053941500311634e-01
3.313022194216821426e-01
3.320790733124034944e-01
3.323356587299313158e-01
3.315073740694562399e-01
3.306826890338818714e-01
3.318293933506970550e-01
3.313959899478312043e-01
3.306165137374978968e-01
3.321153305136695932e-01
3.313006339317036697e-01
3.328914663253353945e-01
3.332234516793319279e-01
3.337552191643462507e-01
3.332295621592286650e-01
3.337052322701331564e-01
3.329125715868169189e-01
3.322478763446750083e-01
3.338075405493687309e-01
3.354072884959227174e-01
3.350069310260312960e-01
3.342087759166452732e-01
3.357056336920059558e-01
3.350001141471307120e-01
3.350206386335985442e-01
3.361791187020104488e-01
3.377128733387526616e-01
3.371619445261271886e-01
3.364068477573395333e-01
3.374163756643582812e-01
3.388891101607768297e-01
3.397344552828874820e-01
3.408189932819997714e-01
3.415284884147556932e-01
3.424155573312164247e-01
3.416308700895522854e-01
3.408419686521889647e-01
3.423512553776296707e-01
3.415707446281816551e-01
3.429926706532100411e-01
3.432944521013849282e-01
3.443799951143013405e-01
3.451519946616882217e-01
3.449954656861841107e-01
3.447156981488126437e-01
3.441656136746654160e-01
3.436626380998237806e-01
3.430882803981944451e-01
3.440395247540877777e-01
3.434477155549216509e-01
3.427662461480188161e-01
3.420000456964188973e-01
3.430311162118671597e-01
3.433112604300709858e-01
3.435108867209893946e-01
3.441563923986169504e-01
3.434987916948678000e-01
3.427413562738771957e-01
3.426449977720736895e-01
3.418967871029566230e-01
3.413363973857610478e-01
3.406344751612928046e-01
3.413810278200702930e-01
3.419402723323105575e-01
3.412422637223970767e-01
3.411160616864420958e-01
3.405743969085127110e-01
3.402768952389423895e-01
3.395902352352564435e-01
3.397748762259155675e-01
3.411431556058197589e-01
3.408002207552326968e-01
3.408084356957687966e-01
3.409960209331939773e-01
3.408249515336101987e-01
3.414266789181001349e-01
3.424955065624924466e-01
3.420383228588862456e-01
3.413548420472873324e-01
3.421449033680481477e-01
3.430964897079027964e-01
3.430440040929614853e-01
3.431836779351208344e-01
3.424850344287483361e-01
3.434365892157460465e-01
3.428688740671683721e-01
3.431535191059526535e-01
3.441303192081296425e-01
3.449940058306573687e-01
3.452541125253809629e-01
3.447782822654036905e-01
3.441249582329323764e-01
3.443023206025834226e-01
3.438055516796518218e-01
3.437271584953475734e-01
3.430287631165636619e-01
3.423345493855198818e-01
3.416510859073635942e-01
3.412504361805503983e-01
3.411796728703628823e-01
3.408922750225621412e-01
3.411338292273717321e-01
3.404496418451529172e-01
3.397810810109799795e-01
3.409742620242534605e-01
3.403150370804327585e-01
3.399676894995141696e-01
3.412195723643021150e-01
3.420816164897135803e-01
3.414045614651739502e-01
3.407825353051731621e-01
3.406205952787743074e-01
3.413565740025717998e-01
3.406989673012594810e-01
3.417971866635035605e-01
3.430220791213454690e-01
3.431249966634453696e-01
3.424833268215240478e-01
3.422941200805347250e-01
3.422271591219384068e-01
3.429850260172101484e-01
3.428194893376145247e-01
3.424541096863100154e-01
3.434786688787229147e-01
3.430411130498256522e-01
3.432168510893480184e-01
3.429242612314171157e-01
3.432593645757258671e-01
3.442697105245154376e-01
3.445092645603332060e-01
3.439540203144317299e-01
3.438149197220252695e-01
3.448809719749940106e-01
3.447942117211989510e-01
3.457539914398898850e-01
3.468325398929034686e-01
3.464579550359088156e-01
3.466502110515966573e-01
3.472935495086009183e-01
3.480492553700768044e-01
3.475085780449299055e-01
3.475385835390479294e-01
3.469546179611219250e-01
3.463161857642876318e-01
3.458128560133839624e-01
3.459155104626758792e-01
3.453784834494765255e-01
3.452557019636726676e-01
3.461071502753269580e-01
3.463241283449527419e-01
3.456968026740450672e-01
3.452948126826429487e-01
3.447758126140534340e-01
3.442471205345665197e-01
3.442676462014656602e-01
3.447404972902905484e-01
3.445712230020502309e-01
3.439671860177149765e-01
3.446238732871112487e-01
3.440041970364180468e-01
3.451488375228718430e-01
3.462637609978925224e-01
3.463017795236265628e-01
3.465666147446138656e-01
3.459478074350216259e-01
3.469807149884289732e-01
3.471650389852481977e-01
3.465565702667172121e-01
3.460121901548169898e-01
3.455470451470989968e-01
3.449851886343877627e-01
3.444397916213342570e-01
3.438977823760270280e-01
3.443690157024082432e-01
3.454419521660089809e-01
3.452122816686894469e-01
3.447111670990303800e-01
3.454474310786095348e-01
3.457245500748032940e-01
3.468536951187622952e-01
3.462580488511821653e-01
3.456788268942962983e-01
3.452369599849757220e-01
3.448148737676884346e-01
3.442667165206348412e-01
3.437758396745136946e-01
3.434413810249417609e-01
3.428642795240999241e-01
3.434772896041516366e-01
3.432943910247827635e-01
3.427427674997203799e-01
3.426560379920738364e-01
3.436026308012533059e-01
3.441062578572427477e-01
3.435281072777350841e-01
3.430413276651646526e-01
3.424639122416712200e-01
3.427445899736725199e-01
3.421682421422244658e-01
3.416815582696690057e-01
3.416930634811294887e-01
3.411700902386747836e-01
3.417622684162232027e-01
3.411927575570531945e-01
3.420666906912412375e-01
3.431066130994657737e-01
3.441626997458287485e-01
3.442108242737894619e-01
3.436413219433629984e-01
3.431175978532799986e-01
3.425513996749569023e-01
3.419941904673388655e-01
3.414428465634936072e-01
3.412832074809425409e-01
3.416932377204662252e-01
3.425297619275854411e-01
3.424582832853982350e-01
3.430305765781469507e-01
3.428055530896674807e-01
3.422521518841895594e-01
3.419077922480397991e-01
3.413645317000374435e-01
3.423333667783837186e-01
3.419765864898778873e-01
3.414255404680434092e-01
3.421525421326892524e-01
3.417919632889619419e-01
3.425733940048842907e-01
3.422831722967774049e-01
3.423216448644971766e-01
3.422918564992590840e-01
3.426221429802686624e-01
3.421107465200088904e-01
3.415780770983327108e-01
3.413765424073453292e-01
3.416153406708941631e-01
3.411024195461682673e-01
3.407412441789793300e-01
3.404892495107477712e-01
3.410392613918927229e-01
3.405521942903672050e-01
3.408101586845580511e-01
3.402809340011858086e-01
3.398370154308975599e-01
3.402117619196936005e-01
3.400508277084798858e-01
3.407152066230868526e-01
3.417170452118435953e-01
3.415835221714469960e-01
3.424713202678336676e-01
3.419507757244744650e-01
3.426461945507280893e-01
3.422352274137585026e-01
3.417494186627494934e-01
3.412401852300968041e-01
3.411343089629361724e-01
3.417577865132364612e-01
3.412344208751975638e-01
3.407652909749618320e-01
3.402565198385192335e-01
3.412367529192771864e-01
3.407939850551708338e-01
3.402929346238668384e-01
3.398853498620286184e-01
3.394574990900108835e-01
3.390820109465166876e-01
3.385744077014751219e-01
3.393616139956914801e-01
3.395893331393059489e-01
3.405364006171059943e-01
3.402058546182071264e-01
3.408504276030714375e-01
3.412063779905624150e-01
3.408454009065144397e-01
3.409789239876087064e-01
3.405310842401342297e-01
3.411770587438655578e-01
3.407362771940255497e-01
3.410163255119162962e-01
3.405115897301562722e-01
3.404625475313402538e-01
3.399638177332427458e-01
3.394707397376635072e-01
3.403413126671362421e-01
3.406902984010363733e-01
3.415143512337460163e-01
3.417442904290978190e-01
3.412442211529256308e-01
3.408549397402369507e-01
3.407057402542585933e-01
3.403239536233341189e-01
3.404415949628969984e-01
3.408334686800503222e-01
3.409456423654833590e-01
3.404642968043458673e-01
