5.000000000000000000e-01
4.786982787935885053e-01
7.800621407300196708e-01
4.529420096868737589e-01
2.161341542178801534e-01
6.317355149391959968e-01
3.165216172698567254e-01
6.151977880647488961e-01
6.454079421803164962e-01
6.386881557597597903e-01
7.803894122215470075e-01
8.637504514040220682e-01
4.269567244056112765e-01
7.519778144186429758e-01
9.426312721426055585e-01
7.287255807376095129e-01
6.478818285804791577e-01
3.012275478560244024e-01
6.282511349902404341e-01
2.671991140714999324e-01
2.068456867058665327e-01
3.045260020340768148e-01
4.706979062803772762e-01
5.211161744140383467e-01
7.699620591069781250e-01
4.975983637754752831e-01
5.332455058104558221e-01
5.494158922258972622e-01
3.893209879219641789e-01
6.657166980988692417e-01
6.145234312311407265e-01
4.034101315930758713e-01
3.975478300229913220e-01
6.158220946385271066e-01
5.321550920929071227e-01
3.689841321254654916e-01
6.401315496254451620e-01
7.148304756782202229e-01
3.837180657132724937e-01
4.049792053889115784e-01
4.692595900055378522e-01
4.685281528106061688e-01
5.100825191393254521e-01
8.382630728380470186e-01
4.436657351459916132e-01
3.823889252732145527e-01
1.856098640531360366e-01
2.513322752802665816e-01
1.932343869813894499e-01
7.587701955839015744e-01
5.831201221607721363e-01
6.760216405276370244e-01
4.264951620200004845e-01
6.580292304715316121e-01
5.985234706068883748e-01
5.334006922238779813e-01
6.497230511848616219e-01
1.543522699134627085e-01
5.083108166654034532e-01
6.909043738768106957e-01
3.975367330066984506e-01
2.636260217287770269e-01
7.827610240204662118e-01
1.432778906194384916e-01
3.686813984593881321e-01
4.091063502249132622e-01
5.928268569553657441e-01
9.036614347037077444e-01
3.896189641079026433e-01
5.014047089873724383e-01
4.890290871096679703e-01
4.238319256945739522e-01
4.084670585858405367e-01
5.170705507838309067e-01
3.740115267194100701e-01
2.357836227061614054e-01
4.405387179700349098e-01
3.979028401715341001e-01
4.443635829675322557e-01
3.987076936684906259e-01
5.899518136835019133e-01
3.163120819817080154e-01
9.653761215938043705e-01
1.408421135368385924e-01
5.758737702825573734e-01
8.742757223245208043e-02
8.943588717314874259e-01
1.239573691613281292e-01
2.824277355231843423e-01
7.692329917127305183e-01
4.903372622130435232e-01
8.338704361312387903e-02
6.941567761897915467e-01
2.353195466760232835e-01
9.658942882756482717e-01
7.951278687848306603e-01
1.801277774672935539e-01
2.811899715264249977e-01
9.569627297373072272e-01
8.274182539342131992e-01
2.409820058208258786e-01
1.536893869260148870e-01
7.405822238522206113e-01
4.767894128335854464e-01
8.180570567337555055e-01
6.152998638157713973e-01
5.156022904979473687e-01
7.672937333541484106e-01
2.648040684005974477e-01
3.563247691217142910e-01
4.094255499144067167e-01
2.283074660106319820e-01
4.768235882703072415e-01
3.988417273396274720e-01
2.611910605606636571e-01
2.198933412608585491e-01
8.350451760402218815e-01
3.202371626180984254e-01
6.717831457981117138e-01
3.606679852205638137e-01
4.194325259050669108e-01
4.475438759716932058e-01
4.380409588877874349e-01
7.630384876246649739e-01
5.262730922098026731e-01
4.295758610869235827e-01
5.958583396637934237e-01
3.376595682336728799e-01
5.875260412341800631e-01
4.420341634833921951e-01
6.559630085993962689e-01
4.375053700819902525e-01
5.042078843103138253e-01
5.339198679542949133e-01
5.292917117023514528e-01
6.337455540936797194e-01
3.788398295814343064e-01
5.078486703546811754e-01
3.674867742580635865e-01
5.041633090858204103e-01
4.695599907131973172e-01
9.699342577555600253e-03
2.328162259986280014e-02
2.249285007756829380e-01
5.248402844700199577e-01
5.159522052473674014e-01
3.688314370271755238e-01
3.380098541396935330e-01
8.183620572015026795e-01
4.436718081714071116e-01
6.459318062910140990e-01
4.789614941216483457e-01
1.009815861803306930e-01
6.941589066690915244e-01
7.355499023923248725e-01
8.747382947651114460e-01
2.496748075033825287e-01
2.444548079720562650e-01
1.078769937716351907e-01
3.057999905743809949e-02
4.657638446024570111e-01
9.636884687120480519e-01
6.723725524856036806e-01
5.657910872265967672e-01
6.601548305286507601e-01
8.704579137461510019e-01
7.735996054686974377e-01
1.677441981218159295e-01
6.296658695606817124e-01
6.668468851312589485e-02
8.718944100948833320e-01
2.054374689811430121e-01
5.803801217842873283e-01
9.084643690561429452e-02
4.833893450825515470e-01
5.067049925722512116e-01
8.404514130524126658e-01
9.410973196559898613e-01
6.484579968512412806e-01
4.536492985227139618e-01
3.341227336518450275e-01
8.499085823161958153e-01
1.375731785150819675e-01
2.637097662576480886e-02
4.010396346594337358e-02
5.904711641301721992e-01
3.520126801778455383e-01
6.716278741714938327e-01
9.624804321770403792e-01
6.271317279148739265e-01
5.526234752691851215e-02
5.027282118880228856e-02
3.728777475442042189e-01
7.682821644639138414e-01
5.260510532341035050e-01
1.541623373738126024e-01
7.746044766085609101e-01
7.914499747204966074e-01
1.474469710338750517e-01
2.244294266089979784e-01
6.145358091922048516e-01
1.575052980506879974e-01
8.879534778681877905e-01
8.243840079028655898e-01
8.828753264326371086e-01
7.083959797854623153e-01
1.309894932169548276e-01
7.542799911957550618e-01
3.509168229639235137e-01
5.489114781150222777e-01
7.500412245673299116e-01
4.807391411024162231e-01
5.553002541539324710e-01
2.081809335892238488e-01
8.780950355218375414e-01
7.836921219599314314e-01
4.780445082726382799e-01
1.932197646485407927e-01
1.709943342461074656e-01
5.754426283298034184e-01
6.831259908833959837e-01
4.122694752578244248e-01
3.772370625010565970e-01
3.755431654036319733e-01
3.092817403316528990e-01
2.708315576063956565e-01
5.695683449164458123e-01
6.137976861865551692e-01
6.239545544551629019e-01
3.284822713682808426e-01
4.384324455611792182e-01
3.720352928180356566e-01
9.304776875298168548e-01
9.829579567923644179e-01
6.884938953226390490e-01
9.644109949609626087e-01
7.695705922499492813e-01
8.230999511976508920e-01
4.076859153343007636e-01
7.010295816052626305e-01
8.522946045313847252e-01
4.607153469660513201e-01
5.814072296548405960e-01
8.154062267933405161e-01
5.854449145191703563e-01
1.203588698579885485e-01
1.556134451616142389e-01
9.088600225524917642e-01
2.854432549815351661e-01
3.592681373657606869e-01
5.679481733807945076e-01
9.656743462379168141e-01
5.399175529851441002e-01
2.671113967448231485e-01
5.155808057916806408e-01
4.419042273182555158e-01
9.608257388533014698e-01
5.022479991110849751e-01
4.209936406538844489e-01
2.368619692233343565e-01
5.759892644116939575e-01
2.012067589031928949e-01
7.454113148540508771e-01
9.668198290035345810e-01
9.012422409132477830e-01
4.654589961647398466e-01
7.285408880346238014e-01
1.532173985245003645e-01
7.887880200725004842e-01
7.544036477401951934e-01
4.009771804025576425e-01
5.457957198140388488e-01
4.838670210459163901e-01
3.912535766071879167e-02
5.501242539656086006e-01
9.736907982207011480e-01
1.452068302303856796e-03
1.299420432399662519e-02
7.126798775208445340e-03
9.413103852923022929e-02
9.652617809968886409e-01
8.553204714733355640e-01
1.678158172771277712e-01
9.677925088313639179e-01
9.374669690441082004e-01
2.807961789694810376e-02
1.675770858021594090e-01
3.834179028462388339e-01
4.835657968472654722e-01
9.545267011881836128e-01
4.009325065564920965e-01
4.666622767195913180e-01
2.062176539487197147e-01
3.152825487081524491e-02
5.198998086297178522e-01
9.966659599869144293e-01
1.729292221749757497e-01
3.492129710526566400e-01
5.877603952309005120e-01
1.029133842673230631e-01
8.546380723738519203e-01
9.477298678498570217e-01
3.581030911371698155e-01
8.141993275326101509e-01
1.091800921949719616e-01
4.722043838224642132e-01
1.630319951395610423e-01
9.123509972596910433e-01
4.460951133365873705e-02
5.767253915025075117e-02
2.991109656882912637e-01
8.224195293122417150e-01
5.211206158592033288e-01
1.073882615283642573e-02
5.233848678167891955e-02
9.734865660850915425e-01
7.037901310515305431e-01
1.409346195007969427e-01
1.134070655542270822e-01
1.889350649974944896e-01
7.213011549085519558e-01
9.735424929181987208e-01
9.962999429946565177e-01
7.605295709635736534e-01
2.428710869297888153e-01
9.279984695226892732e-01
5.879917238240379707e-01
2.117611440130884315e-02
5.077658749151542361e-01
3.086283303412775125e-01
6.021602917086851803e-02
4.941743573150763624e-01
1.353574524933595369e-01
6.966605791567135331e-01
5.175523856170652914e-01
7.498326819474374072e-02
9.332580154843854447e-02
9.805114885765796595e-01
9.527047460522788599e-03
3.797467423079020632e-01
3.101486499207202763e-01
7.448024625330958992e-01
3.811623199548668794e-01
5.950040057050839382e-01
8.720312193373692677e-01
5.071572905487745087e-02
6.456111500578194384e-01
3.367411018462951322e-02
4.933277732805480542e-01
4.750467745050194757e-01
4.786166622369963375e-01
1.699929052475359359e-01
8.211315626650084187e-01
4.746428274486171328e-01
3.623087864477139153e-01
4.319798232223203693e-01
2.788282535839512466e-01
7.608516931135744787e-01
7.261889809306339982e-01
2.881412520400208899e-01
1.908871523110922119e-01
9.567025499039615299e-01
3.060748411646251749e-02
1.239011348516397826e-01
1.121847334972358445e-01
1.655658952585835897e-01
7.114741490578481153e-01
6.948035994730322740e-01
9.960384585453921358e-02
8.579521002728334178e-01
8.998163546504032162e-01
6.094306828068100090e-01
3.628335596697283005e-01
6.302033882971548318e-01
8.885867260411266511e-01
2.263813980607088869e-02
7.738400498918066583e-01
3.378776746485621651e-01
1.914886158055169596e-01
8.487361949174785369e-01
7.706789586226739930e-01
1.285133871090944346e-01
3.543199726868953015e-01
5.392604065328590046e-01
8.254245385357026343e-01
8.488863359924665730e-02
3.142983951706007084e-01
4.122813086487181478e-01
1.678238088843269638e-01
5.985880027698992079e-01
2.321023362054216652e-03
1.680505116460408455e-01
7.441438354946020017e-02
4.577657461778369408e-01
8.894234773374775083e-01
4.356702586394245458e-01
2.298804624048187695e-01
8.003062338435271705e-01
3.408667396451425802e-01
9.680344788892089047e-01
2.843720809339986624e-02
8.897515520602126138e-01
3.964439708152521225e-01
8.715959464301323845e-01
9.683167395470484440e-01
3.672217634513031542e-02
1.067223927566716447e-02
3.156452011157573345e-01
2.578973433208817667e-01
3.438543980613533169e-01
7.271382108932086252e-01
8.443358777065441967e-02
2.416473392823255406e-01
9.889129673979665247e-01
1.149191135474792120e-03
4.109240574863754492e-01
4.665029916366385948e-02
9.797424794390729996e-01
2.002322261507416545e-01
5.861914349968072591e-01
9.294942399279162992e-02
9.916771528109524780e-01
6.764725891084731879e-01
8.696124447651519818e-01
8.749035422492879022e-01
1.775702031593008601e-02
8.365712625365674393e-01
8.966140300613966163e-01
8.032386975453172928e-01
1.497246784171174239e-01
9.350742256575690359e-01
9.712693691570150056e-01
9.971775773491869943e-01
9.399201355094842780e-01
9.798512976546640552e-01
6.888899636788529124e-01
9.574519700148492740e-02
8.261451427380951396e-01
4.742284009045649174e-01
5.289397604947656539e-01
6.804245862869156003e-01
6.509292197925197199e-01
7.012991860103986452e-01
1.251052780963751998e-01
7.159499496124808182e-01
8.012228381421683254e-01
9.834276047936125753e-01
8.966156571336447723e-01
6.847012999734879424e-01
3.418639264229866859e-01
7.966391575431023275e-01
7.833877327942228019e-01
9.804924120890262662e-01
4.531960164235157018e-01
9.529984753032952893e-01
7.061308521437200669e-01
8.566195940730881864e-01
8.261692277501995196e-01
7.733526097055316573e-01
1.444171450075170948e-01
4.679632295159089628e-01
6.985585723841796213e-01
5.496322348375051181e-01
1.471959698113390613e-01
6.522639771532366959e-01
9.886319169747846969e-01
5.745677722813495869e-01
4.129354269535958077e-01
6.548174646786427688e-01
4.895165006301956390e-01
2.099123152280071292e-01
8.026453418863550848e-02
6.446865964296212281e-01
8.655811837539678644e-01
8.465423612606081116e-01
8.916838010970358219e-01
5.639688390158739129e-01
6.401625579843966962e-01
9.076233883349945630e-01
8.939973893628643253e-01
2.652651555517527848e-01
6.928692392949523660e-01
9.027446861972994174e-01
8.730146874546429459e-01
3.135994225150963710e-01
3.376397579913200109e-01
1.631241197734542570e-01
6.562604624862447000e-01
3.184059002107296199e-01
5.526236435138989211e-01
2.854868670229861530e-02
3.841363616041289925e-02
9.266034424891824717e-01
3.791175554648680834e-01
5.533738317247678395e-01
5.543203612894198606e-01
3.210709059018598821e-01
2.021170162054046135e-02
8.269090393053588062e-02
3.233704852994696843e-02
8.965467971976391892e-01
4.073653783267691675e-01
1.528442152677167258e-02
1.192674574130598714e-01
1.299342515362009176e-02
1.632768339501585175e-01
4.913951023427503007e-01
1.547202906919641352e-01
8.145405474629544007e-02
5.089998311782098495e-02
1.627380200549930628e-02
3.709404951227020519e-01
1.181032080759653324e-01
4.952080996439933158e-01
5.548055753175213933e-01
8.563214799841052383e-01
4.926514386871183038e-01
6.081418241737451824e-01
6.501319231305224822e-02
6.594862148867784990e-01
3.407575319800879021e-01
4.364458102094631031e-01
7.198495053168383340e-01
9.341737749163425697e-01
6.855914084415490883e-01
2.290213772034014883e-01
5.202384146872034432e-01
4.779702306203408718e-02
4.532049765063642099e-01
7.616156032161407186e-02
4.163513211820684540e-02
3.841267967374464853e-01
3.299773053115779842e-01
8.307785186750293871e-01
8.669464720489937770e-01
7.586574859430171847e-01
6.030103882905116786e-01
1.826611688752084739e-01
9.467115034231464721e-01
7.270199269610730930e-01
6.335210439127412219e-01
2.341940847003932957e-01
4.720718451740139043e-01
1.008650915999198538e-01
6.814397979435582453e-01
6.167910528991604052e-02
6.453053744739173370e-01
2.467443516995261044e-01
2.335034496013643213e-01
5.962685949545214470e-01
2.223055894864497395e-01
5.012994017367419231e-01
8.973414851817744786e-01
8.412918240796237734e-01
2.652459523535045591e-02
9.836221878057455764e-03
1.706500056750217403e-02
3.938002817903298869e-01
7.030964855946444381e-01
5.875489167997284719e-03
3.801822008077622439e-02
3.287542914842300212e-01
6.780228943262965602e-02
1.988119391661203605e-01
7.115467788459506338e-01
1.659405283602942149e-01
1.890636988770982851e-01
1.912551706145735886e-01
7.823231717691694342e-01
2.227672628969682919e-02
4.629255860249828491e-01
2.420222052286131464e-01
8.755514989981358909e-01
2.897086971574325820e-01
2.511679090302027743e-03
9.386693796493904562e-01
1.097587341765032670e-01
6.995341062499512708e-01
3.175673789538951408e-01
1.639624056807611474e-01
2.430375874720091534e-01
3.861617609547219887e-01
8.361343213956927423e-02
1.628248891215814675e-01
5.137062403511898356e-01
1.415733214211702951e-01
5.402152779320500420e-01
5.171069298995029789e-02
1.998506597021905695e-01
5.474866160680805921e-02
2.363077574871469411e-01
9.651948716843795628e-01
7.133763433969821932e-01
9.801511185816272897e-01
7.706719860730352201e-01
5.903716323639958130e-01
1.716916938459525643e-01
1.661579043892094099e-01
9.749947250886582539e-01
9.303508145156219600e-01
9.833921181472847772e-01
9.893789841157716314e-01
6.108860696612319341e-01
9.847876137247235651e-01
8.363288435822472389e-01
1.225475214972902285e-03
9.342321457637972060e-01
9.176768748808825649e-01
4.941888761292743681e-01
7.690264323093097820e-01
9.234768693748253154e-01
5.466121412015969572e-01
1.673691864095095683e-01
4.526214253123203024e-01
9.503632019491453642e-01
6.392693303641518998e-01
8.195141323145420376e-02
9.695899185315552948e-01
3.485489466248063994e-01
1.811223212344445499e-02
8.904457166010393276e-01
6.566743508936668805e-01
9.102874816828959714e-01
4.018395801139583723e-01
3.947492031218079456e-01
4.310763423574196507e-01
7.412027253675534944e-01
1.465099516657291934e-01
8.403380442239634374e-02
5.367384952574888457e-01
2.985313644170186631e-01
8.679046183845861018e-01
6.646219862370478237e-01
5.745865252249505728e-01
1.694900397720892349e-01
8.231820574102050037e-01
7.105459263059149544e-01
9.437433497881659861e-01
7.620567975608072420e-01
7.613637555467968054e-01
5.131191803616486080e-01
8.755467382648185470e-01
7.580018745247082794e-03
5.056957654523295265e-01
4.385498257803825684e-02
9.212628089287038247e-01
8.898801921104788626e-01
7.237039815806343146e-01
1.641503822990631745e-01
8.963289459949482785e-01
4.781621561169342449e-01
8.646627503013537552e-01
1.577145081554103977e-04
1.855356195479163917e-01
9.132809328633302304e-01
8.390489751269466015e-03
2.243619089805793665e-01
1.053698308678921725e-01
7.322415704921771962e-01
7.602004163257497504e-01
3.020924299619748843e-01
9.447853033243637233e-01
7.237282232195704768e-02
2.995950276049706429e-01
9.845756476149264413e-01
3.469766063446624305e-01
1.224260512511363835e-01
2.393257685138510393e-01
6.842268080369718897e-01
6.559770310305487184e-01
2.011925779750231014e-01
8.801283717433427967e-01
2.110238747193085573e-01
2.723401595165646505e-01
9.821206033691392001e-01
4.456002675590871043e-01
5.312696320411389866e-02
9.247873898168550433e-01
9.646708033570905449e-01
2.399660456800401798e-01
9.496685092579922882e-01
2.940730331941637798e-01
1.403477123082609579e-02
7.261830266878201989e-01
5.114784632740564385e-01
2.807135754466723587e-01
6.489557410972329743e-01
7.810574321804850673e-01
3.533771285027037523e-01
9.061000256623777949e-01
