0.000000000000000000e+00
5.000000000000000000e-01
6.666666666666666297e-01
7.500000000000000000e-01
8.000000000000000444e-01
8.333333333333333703e-01
8.571428571428570953e-01
8.750000000000000000e-01
8.888888888888888395e-01
9.000000000000000222e-01
9.090909090909090606e-01
9.166666666666666297e-01
9.230769230769231282e-01
9.285714285714286031e-01
9.333333333333333481e-01
9.375000000000000000e-01
9.411764705882352811e-01
9.444444444444444198e-01
9.473684210526315264e-01
9.499999999999999556e-01
9.523809523809523281e-01
9.545454545454545858e-01
9.565217391304348116e-01
9.583333333333333703e-01
9.599999999999999645e-01
9.615384615384615641e-01
9.629629629629629095e-01
9.642857142857143016e-01
9.655172413793103869e-01
9.666666666666666741e-01
9.622580645161290525e-01
9.634375000000000577e-01
9.642424242424242342e-01
9.652941176470587470e-01
9.660000000000000808e-01
9.666666666666666741e-01
9.675675675675675658e-01
9.681578947368421062e-01
9.687179487179486959e-01
9.694999999999999174e-01
9.702439024390243638e-01
9.709523809523809001e-01
9.713953488372093492e-01
9.720454545454545459e-01
9.726666666666666794e-01
9.732608695652174013e-01
9.736170212765956622e-01
9.741666666666666252e-01
9.746938775510203268e-01
9.751999999999999558e-01
9.754901960784313486e-01
9.757692307692307221e-01
9.762264150943396057e-01
9.764814814814815058e-01
9.767272727272726662e-01
9.771428571428570908e-01
9.775438596491228260e-01
9.779310344827585322e-01
9.783050847457628318e-01
9.786666666666665737e-01
9.790163934426229231e-01
9.793548387096774333e-01
9.796825396825395993e-01
9.799999999999999822e-01
9.801538461538462643e-01
9.804545454545454675e-01
9.805970149253731005e-01
9.808823529411765385e-01
9.810144927536231796e-01
9.812857142857143167e-01
9.815492957746478897e-01
9.816666666666666874e-01
9.819178082191779566e-01
9.820270270270270441e-01
9.821333333333333027e-01
9.822368421052630749e-01
9.824675324675323784e-01
9.826923076923077538e-01
9.827848101265823644e-01
9.828750000000000542e-01
9.829629629629629273e-01
9.830487804878048630e-01
9.832530120481927094e-01
9.833333333333332815e-01
9.834117647058824296e-01
9.836046511627906108e-01
9.836781609195403009e-01
9.837500000000000133e-01
9.839325842696629021e-01
9.841111111111110477e-01
9.842857142857143193e-01
9.843478260869563679e-01
9.844086021505376038e-01
9.845744680851065134e-01
9.846315789473684132e-01
9.847916666666667318e-01
9.849484536082474539e-01
9.851020408163264630e-01
9.852525252525252686e-01
9.852999999999999536e-01
9.853465346534653335e-01
9.854901960784314685e-01
9.856310679611650638e-01
9.856730769230769296e-01
9.857142857142857650e-01
9.857547169811320398e-01
9.858878504672896614e-01
9.860185185185185164e-01
9.860550458715596767e-01
9.860909090909091290e-01
9.862162162162161350e-01
9.863392857142857517e-01
9.864601769911505169e-01
9.864912280701754188e-01
9.865217391304348382e-01
9.865517241379310187e-01
9.866666666666666918e-01
9.867796610169491389e-01
9.868067226890756549e-01
9.868333333333333401e-01
9.869421487603305954e-01
9.869672131147539940e-01
9.870731707317073056e-01
9.871774193548387144e-01
9.872799999999999354e-01
9.873015873015873467e-01
9.873228346456692783e-01
9.874218750000000044e-01
9.874418604651162834e-01
9.875384615384615872e-01
9.876335877862595369e-01
9.877272727272727870e-01
9.878195488721803752e-01
9.879104477611939661e-01
9.879259259259259851e-01
9.879411764705883225e-01
9.880291970802919099e-01
9.880434782608695787e-01
9.880575539568345889e-01
9.880714285714286005e-01
9.881560283687943480e-01
9.882394366197183588e-01
9.882517482517482188e-01
9.883333333333333970e-01
9.883448275862067867e-01
9.884246575342464647e-01
9.885034013605442649e-01
9.885810810810810034e-01
9.886577181208053844e-01
9.886666666666665826e-01
9.887417218543045339e-01
9.888157894736842035e-01
9.888888888888889284e-01
9.889610389610390406e-01
9.890322580645161121e-01
9.890384615384616440e-01
9.890445859872611933e-01
9.890506329113923911e-01
9.890566037735848415e-01
9.891250000000000320e-01
9.891925465838509179e-01
9.892592592592591716e-01
9.893251533742332127e-01
9.893902439024390150e-01
9.893939393939393812e-01
9.894578313253011848e-01
9.895209580838323360e-01
9.895833333333333703e-01
9.896449704142011861e-01
9.897058823529412130e-01
9.897076023391812027e-01
9.897674418604651692e-01
9.898265895953756166e-01
9.898275862068964814e-01
9.898285714285715020e-01
9.898295454545453786e-01
9.898870056497175440e-01
9.899438202247191620e-01
9.899441340782122456e-01
9.899444444444445157e-01
9.899999999999999911e-01
9.900549450549450681e-01
9.900546448087431672e-01
9.900543478260869223e-01
9.900540540540541112e-01
9.901075268817203234e-01
9.901604278074865872e-01
9.902127659574467833e-01
9.902116402116402094e-01
9.902631578947368451e-01
9.902617801047121082e-01
9.903124999999999289e-01
9.903626943005181538e-01
9.903608247422680533e-01
9.904102564102563733e-01
9.904591836734694121e-01
9.904568527918781173e-01
9.905050505050504439e-01
9.905527638190955164e-01
9.905499999999999305e-01
9.905472636815920717e-01
9.905940594059405857e-01
9.905911330049260721e-01
9.905882352941176583e-01
9.905853658536585282e-01
9.906310679611650682e-01
9.906280193236715048e-01
9.906730769230769340e-01
9.906698564593301448e-01
9.907142857142857695e-01
9.907109004739335090e-01
9.907075471698113533e-01
9.907042253521126662e-01
9.907009345794391963e-01
9.907441860465117101e-01
9.907870370370369661e-01
9.908294930875576334e-01
9.908715596330275321e-01
9.908675799086757996e-01
9.909090909090909616e-01
9.909049773755657098e-01
9.909459459459459829e-01
9.909417040358744488e-01
9.909375000000000266e-01
9.909333333333332217e-01
9.909734513274335299e-01
9.910132158590307938e-01
9.910526315789472962e-01
9.910480349344977791e-01
9.910434782608695814e-01
9.910822510822511200e-01
9.911206896551724155e-01
9.911587982832618104e-01
9.911538461538461631e-01
9.911489361702128242e-01
9.911864406779660186e-01
9.911814345991561970e-01
9.912184873949579922e-01
9.912133891213389392e-01
9.912083333333333579e-01
9.912033195020747423e-01
9.912396694214876680e-01
9.912757201646090754e-01
9.913114754098361070e-01
9.913469387755101669e-01
9.913821138211381667e-01
9.914170040485829061e-01
9.914112903225805740e-01
9.914457831325300674e-01
9.914800000000000280e-01
9.914741035856573514e-01
9.914682539682539986e-01
9.915019762845850293e-01
9.914960629921258928e-01
9.914901960784313628e-01
9.915234374999999378e-01
9.915564202334630206e-01
9.915891472868216816e-01
9.915830115830115421e-01
9.915769230769231335e-01
9.915708812260536353e-01
9.915648854961832681e-01
9.915969581749048967e-01
9.916287878787878318e-01
9.916226415094340219e-01
9.916541353383457880e-01
9.916853932584268616e-01
9.917164179104478450e-01
9.917100371747211707e-01
9.917407407407408115e-01
9.917712177121772443e-01
9.918014705882353121e-01
9.917948717948718018e-01
9.917883211678831801e-01
9.917818181818180978e-01
9.918115942028985499e-01
9.918411552346569904e-01
9.918345323741006858e-01
9.918279569892473058e-01
9.918571428571427706e-01
9.918505338078291711e-01
9.918439716312057453e-01
9.918374558303886257e-01
9.918661971830985413e-01
9.918947368421052735e-01
9.919230769230769074e-01
9.919163763066202177e-01
9.919097222222221788e-01
9.919031141868511758e-01
9.918965517241379315e-01
9.919243986254295820e-01
9.919178082191780765e-01
9.919112627986347297e-01
9.919387755102040405e-01
9.919322033898305691e-01
9.919594594594595138e-01
9.919865319865319719e-01
9.919798657718119639e-01
9.920066889632106477e-01
9.919999999999999929e-01
9.919933554817276233e-01
9.920198675496688656e-01
9.920132013201320431e-01
9.920394736842105265e-01
9.920655737704918709e-01
9.920588235294117707e-01
9.920521172638435692e-01
9.920454545454545636e-01
9.920711974110033582e-01
9.920645161290322367e-01
9.920578778135048514e-01
9.920833333333333171e-01
9.921086261980830434e-01
9.921019108280254573e-01
9.920952380952381411e-01
9.921202531645568756e-01
9.921135646687697651e-01
9.921383647798741601e-01
9.921316614420062630e-01
9.921562499999999618e-01
9.921495327102802797e-01
9.921739130434783505e-01
9.921981424148607065e-01
9.921913580246912723e-01
9.921846153846154426e-01
9.921779141104294375e-01
9.921712538226299394e-01
9.921646341463413732e-01
9.921884498480243453e-01
9.922121212121212119e-01
9.922054380664652173e-01
9.921987951807228479e-01
9.922222222222221166e-01
9.922155688622754655e-01
9.922388059701492402e-01
9.922321428571428958e-01
9.922255192878337571e-01
9.922485207100592008e-01
9.922713864306783593e-01
9.922647058823529376e-01
9.922873900293255334e-01
9.922807017543859853e-01
9.922740524781341609e-01
9.922674418604651159e-01
9.922898550724638111e-01
9.923121387283236894e-01
9.923342939481267777e-01
9.923563218390804019e-01
9.923495702005730168e-01
9.923714285714284600e-01
9.923646723646724066e-01
9.923863636363636775e-01
9.924079320113313729e-01
9.924011299435028244e-01
9.924225352112676646e-01
9.924157303370787497e-01
9.924369747899159933e-01
9.924301675977653669e-01
9.924512534818942244e-01
9.924444444444443514e-01
9.924653739612188108e-01
9.924861878453038466e-01
9.924793388429751229e-01
9.924725274725274549e-01
9.924931506849314911e-01
9.924863387978141160e-01
9.925068119891008456e-01
9.925000000000000488e-01
9.925203252032520629e-01
9.925405405405406389e-01
9.925606469002694610e-01
9.925806451612902981e-01
9.926005361930294590e-01
9.926203208556149127e-01
9.926399999999998558e-01
9.926595744680851707e-01
9.926790450928381082e-01
9.926719576719575944e-01
9.926912928759894506e-01
9.926842105263157245e-01
9.927034120734907763e-01
9.926963350785340534e-01
9.927154046997388459e-01
9.927343750000000577e-01
9.927532467532467209e-01
9.927720207253886153e-01
9.927648578811369973e-01
9.927577319587628235e-01
9.927506426735217548e-01
9.927692307692308482e-01
9.927621483375957956e-01
9.927551020408162952e-01
9.927480916030534397e-01
9.927411167512690815e-01
9.927341772151898613e-01
9.927272727272727915e-01
9.927204030226699505e-01
9.927386934673367858e-01
9.927318295739347986e-01
9.927250000000000796e-01
9.927182044887780110e-01
9.927363184079601721e-01
9.927543424317617493e-01
9.927475247524752966e-01
9.927407407407408124e-01
9.927339901477831852e-01
9.927518427518428057e-01
9.927450980392156232e-01
9.927628361858191752e-01
9.927560975609756033e-01
9.927737226277372207e-01
9.927912621359222811e-01
9.928087167070217545e-01
9.928019323671497531e-01
9.928192771084337620e-01
9.928365384615384093e-01
9.928297362110312108e-01
9.928468899521530888e-01
9.928639618138423995e-01
9.928809523809524196e-01
9.928978622327790937e-01
9.929146919431279805e-01
9.929078014184397061e-01
9.929245283018867108e-01
9.929176470588235714e-01
9.929107981220657297e-01
9.929274004683840138e-01
9.929439252336448307e-01
9.929603729603728723e-01
9.929534883720929628e-01
9.929698375870069649e-01
9.929629629629630472e-01
9.929792147806004721e-01
9.929723502304146354e-01
9.929885057471263821e-01
9.930045871559631809e-01
9.929977116704805651e-01
9.929908675799086204e-01
9.930068337129840383e-01
9.930227272727272236e-01
9.930158730158730185e-01
9.930090497737557031e-01
9.930022573363431748e-01
9.930180180180180338e-01
9.930337078651685356e-01
9.930269058295964069e-01
9.930201342281878008e-01
9.930357142857142438e-01
9.930512249443207429e-01
9.930666666666666531e-01
9.930820399113081676e-01
9.930752212389380995e-01
9.930684326710815801e-01
9.930837004405286272e-01
9.930769230769230793e-01
9.930701754385965474e-01
9.930634573304157886e-01
9.930786026200872918e-01
9.930936819172112573e-01
9.931086956521739673e-01
9.931019522776572961e-01
9.930952380952381420e-01
9.930885529157666980e-01
9.931034482758620552e-01
9.930967741935482485e-01
9.931115879828324999e-01
9.931049250535332051e-01
9.930982905982905784e-01
9.931130063965885046e-01
9.931063829787234454e-01
9.930997876857750040e-01
9.931144067796610075e-01
9.931078224101479446e-01
9.931012658227847956e-01
9.931157894736841740e-01
9.931302521008403827e-01
9.931236897274632325e-01
9.931380753138074891e-01
9.931315240083508078e-01
9.931458333333333943e-01
9.931600831600831958e-01
9.931742738589212083e-01
9.931884057971014368e-01
9.932024793388429806e-01
9.932164948453607867e-01
9.932304526748970686e-01
9.932238193018481098e-01
9.932172131147540828e-01
9.932106339468302902e-01
9.932040816326530575e-01
9.931975560081466314e-01
9.931910569105690811e-01
9.931845841784989748e-01
9.931781376518218352e-01
9.931919191919191814e-01
9.931854838709676114e-01
9.931991951710261723e-01
9.931927710843372337e-01
9.932064128256512525e-01
9.932199999999999918e-01
9.932135728542913489e-01
9.932270916334661193e-01
9.932405566600397417e-01
9.932539682539681669e-01
9.932475247524752415e-01
9.932608695652174191e-01
9.932544378698224818e-01
9.932480314960629997e-01
9.932416502946954662e-01
9.932549019607843643e-01
9.932485322896281721e-01
9.932421874999999289e-01
9.932553606237816135e-01
9.932490272373540874e-01
9.932621359223301472e-01
9.932558139534883868e-01
9.932688588007736463e-01
9.932818532818532553e-01
9.932947976878612195e-01
9.932884615384615090e-01
9.933013435700575045e-01
9.933141762452106782e-01
9.933078393881452639e-01
9.933015267175572260e-01
9.933142857142857052e-01
9.933269961977186924e-01
9.933396584440227217e-01
9.933333333333332904e-01
9.933270321361058475e-01
9.933396226415094343e-01
9.933333333333332904e-01
9.933270676691730028e-01
9.933395872420262007e-01
9.933333333333332904e-01
9.933457943925233513e-01
9.933582089552237537e-01
9.933705772811917134e-01
9.933828996282527690e-01
9.933951762523191009e-01
9.934074074074074057e-01
9.934011090573012792e-01
9.934132841328413566e-01
9.934069981583794062e-01
9.934007352941176539e-01
9.934128440366972734e-01
9.934249084249084927e-01
9.934186471663619677e-01
9.934124087591240659e-01
9.934061930783242289e-01
9.933999999999999497e-01
9.933938294010888903e-01
9.933876811594202216e-01
9.933815551537070743e-01
9.933935018050541466e-01
9.933873873873874105e-01
9.933812949640288270e-01
9.933931777378814942e-01
9.934050179211469933e-01
9.933989266547406105e-01
9.934107142857143691e-01
9.934224598930480044e-01
9.934341637010676296e-01
9.934280639431616322e-01
9.934397163120567420e-01
9.934513274336282951e-01
9.934452296819787920e-01
9.934391534391533440e-01
9.934330985915492684e-01
9.934270650263620217e-01
9.934385964912281208e-01
9.934500875656742114e-01
9.934440559440559371e-01
9.934380453752181817e-01
9.934494773519164657e-01
9.934434782608696501e-01
9.934374999999998623e-01
9.934488734835354995e-01
9.934602076124566805e-01
9.934542314335060853e-01
9.934482758620690745e-01
9.934423407917384319e-01
9.934364261168384669e-01
9.934305317324184648e-01
9.934417808219178081e-01
9.934529914529914851e-01
9.934470989761091664e-01
9.934412265758092442e-01
9.934523809523809756e-01
9.934465195246179325e-01
9.934576271186440488e-01
9.934686971235194841e-01
9.934628378378378422e-01
9.934569983136593008e-01
9.934511784511783627e-01
9.934621848739496608e-01
9.934563758389260979e-01
9.934505862646565433e-01
9.934615384615383959e-01
9.934557595993321888e-01
9.934499999999999442e-01
9.934608985024958594e-01
9.934551495016611389e-01
9.934660033167496129e-01
9.934602649006623043e-01
9.934710743801653532e-01
9.934818481848184391e-01
9.934925864909390780e-01
9.934868421052631682e-01
9.934811165845648384e-01
9.934918032786885789e-01
9.935024549918166636e-01
9.934967320261438584e-01
9.935073409461663285e-01
9.935016286644950956e-01
9.934959349593496247e-01
9.934902597402596180e-01
9.934846029173419746e-01
9.934951456310678886e-01
9.934894991922456065e-01
9.935000000000000497e-01
9.935104669887278028e-01
9.935048231511253158e-01
9.935152487961477208e-01
9.935096153846153522e-01
9.935199999999999587e-01
9.935303514376996326e-01
9.935247208931418106e-01
9.935350318471336539e-01
9.935294117647058831e-01
9.935396825396825005e-01
9.935499207606973693e-01
9.935601265822785466e-01
9.935703001579777593e-01
9.935646687697160528e-01
9.935748031496062227e-01
9.935849056603773821e-01
9.935792778649921164e-01
9.935893416927900068e-01
9.935993740219092318e-01
9.935937499999999423e-01
9.936037441497660438e-01
9.936137071651091057e-01
9.936080870917574082e-01
9.936024844720496851e-01
9.936124031007752544e-01
9.936222910216718773e-01
9.936166924265842360e-01
9.936111111111111116e-01
9.936055469953775088e-01
9.936153846153846780e-01
9.936251920122888270e-01
9.936349693251532722e-01
9.936447166921897889e-01
9.936544342507646066e-01
9.936641221374046262e-01
9.936737804878048586e-01
9.936834094368340864e-01
9.936930091185409708e-01
9.937025796661608235e-01
9.937121212121212688e-01
9.937065052950075916e-01
9.937160120845920375e-01
9.937104072398189603e-01
9.937198795180722799e-01
9.937142857142856611e-01
9.937087087087086434e-01
9.937031484257871083e-01
9.937125748502994016e-01
9.937070254110613732e-01
9.937014925373134355e-01
9.937108792846498506e-01
9.937053571428572374e-01
9.936998514115898962e-01
9.937091988130564157e-01
9.937037037037036447e-01
9.937130177514793550e-01
9.937223042836041964e-01
9.937315634218288896e-01
9.937407952871869510e-01
9.937352941176470500e-01
9.937298091042584547e-01
9.937390029325513519e-01
9.937481698389458717e-01
9.937573099415204503e-01
9.937518248175182256e-01
9.937609329446063233e-01
9.937554585152837960e-01
9.937500000000000222e-01
9.937445573294629853e-01
9.937391304347825693e-01
