0.000000000000000000e+00
5.000000000000000000e-01
6.666666666666666297e-01
5.000000000000000000e-01
5.999999999999999778e-01
6.666666666666666297e-01
7.142857142857143016e-01
6.250000000000000000e-01
5.555555555555555802e-01
5.000000000000000000e-01
5.454545454545454142e-01
5.833333333333333703e-01
6.153846153846154188e-01
5.714285714285713969e-01
5.999999999999999778e-01
5.625000000000000000e-01
5.294117647058823595e-01
5.000000000000000000e-01
5.263157894736841813e-01
5.500000000000000444e-01
5.238095238095238360e-01
5.000000000000000000e-01
4.782608695652174058e-01
5.000000000000000000e-01
4.799999999999999822e-01
4.615384615384615641e-01
4.444444444444444198e-01
4.285714285714285476e-01
4.137931034482758563e-01
4.333333333333333481e-01
4.193548387096774355e-01
4.375000000000000000e-01
4.242424242424242542e-01
4.411764705882352811e-01
4.285714285714285476e-01
4.166666666666666852e-01
4.324324324324324564e-01
4.210526315789473450e-01
4.102564102564102422e-01
4.249999999999999889e-01
4.390243902439024404e-01
4.523809523809523836e-01
4.418604651162790775e-01
4.545454545454545303e-01
4.666666666666666741e-01
4.782608695652174058e-01
4.680851063829787329e-01
4.791666666666666852e-01
4.897959183673469274e-01
5.000000000000000000e-01
4.901960784313725283e-01
4.807692307692307820e-01
4.905660377358490587e-01
4.814814814814814548e-01
4.727272727272727182e-01
4.821428571428571508e-01
4.912280701754385692e-01
5.000000000000000000e-01
5.084745762711864181e-01
5.166666666666667185e-01
5.245901639344262568e-01
5.322580645161290036e-01
5.396825396825396526e-01
5.468750000000000000e-01
5.384615384615384359e-01
5.454545454545454142e-01
5.373134328358208922e-01
5.441176470588234837e-01
5.362318840579710644e-01
5.428571428571428159e-01
5.492957746478873693e-01
5.416666666666666297e-01
5.479452054794520244e-01
5.405405405405405705e-01
5.333333333333333259e-01
5.263157894736841813e-01
5.324675324675324228e-01
5.384615384615384359e-01
5.316455696202531112e-01
5.250000000000000222e-01
5.185185185185184897e-01
5.121951219512195230e-01
5.180722891566265087e-01
5.119047619047618625e-01
5.058823529411764497e-01
5.116279069767442067e-01
5.057471264367816577e-01
5.000000000000000000e-01
5.056179775280899014e-01
5.111111111111110716e-01
5.164835164835165360e-01
5.108695652173913526e-01
5.053763440860215006e-01
5.106382978723403854e-01
5.052631578947368585e-01
5.104166666666666297e-01
5.154639175257731409e-01
5.204081632653061451e-01
5.252525252525253041e-01
5.200000000000000178e-01
5.148514851485148647e-01
5.196078431372549433e-01
5.242718446601941640e-01
5.192307692307692735e-01
5.142857142857142350e-01
5.094339622641509413e-01
5.140186915887849928e-01
5.185185185185184897e-01
5.137614678899082854e-01
5.090909090909090384e-01
5.135135135135134865e-01
5.178571428571429047e-01
5.221238938053097689e-01
5.175438596491228616e-01
5.130434782608696009e-01
5.086206896551723755e-01
5.128205128205127750e-01
5.169491525423728362e-01
5.126050420168066779e-01
5.083333333333333037e-01
5.123966942148759918e-01
5.081967213114754189e-01
5.121951219512195230e-01
5.161290322580645018e-01
5.200000000000000178e-01
5.158730158730159276e-01
5.118110236220472231e-01
5.156250000000000000e-01
5.116279069767442067e-01
5.153846153846153300e-01
5.190839694656488312e-01
5.227272727272727071e-01
5.263157894736841813e-01
5.298507462686566916e-01
5.259259259259259078e-01
5.220588235294117974e-01
5.255474452554744769e-01
5.217391304347825942e-01
5.179856115107913661e-01
5.142857142857142350e-01
5.177304964539006793e-01
5.211267605633802535e-01
5.174825174825175012e-01
5.208333333333333703e-01
5.172413793103448620e-01
5.205479452054794232e-01
5.238095238095238360e-01
5.270270270270269730e-01
5.302013422818792066e-01
5.266666666666666163e-01
5.298013245033112995e-01
5.328947368421053099e-01
5.359477124183006369e-01
5.389610389610389740e-01
5.419354838709677935e-01
5.384615384615384359e-01
5.350318471337579540e-01
5.316455696202531112e-01
5.283018867924528239e-01
5.312500000000000000e-01
5.341614906832298226e-01
5.370370370370370905e-01
5.398773006134969243e-01
5.426829268292683306e-01
5.393939393939394256e-01
5.421686746987951500e-01
5.449101796407185283e-01
5.476190476190476719e-01
5.502958579881657153e-01
5.529411764705882693e-01
5.497076023391812560e-01
5.523255813953488191e-01
5.549132947976878061e-01
5.517241379310344751e-01
5.485714285714285987e-01
5.454545454545454142e-01
5.480225988700564432e-01
5.505617977528090012e-01
5.474860335195530503e-01
5.444444444444443976e-01
5.469613259668508753e-01
5.494505494505494969e-01
5.464480874316940406e-01
5.434782608695651884e-01
5.405405405405405705e-01
5.430107526881720048e-01
5.454545454545454142e-01
5.478723404255319007e-01
5.449735449735449988e-01
5.473684210526316152e-01
5.445026178010471396e-01
5.468750000000000000e-01
5.492227979274610927e-01
5.463917525773195338e-01
5.487179487179487669e-01
5.510204081632652517e-01
5.482233502538070846e-01
5.505050505050504972e-01
5.527638190954773378e-01
5.500000000000000444e-01
5.472636815920397524e-01
5.495049504950495489e-01
5.467980295566502447e-01
5.441176470588234837e-01
5.414634146341463783e-01
5.436893203883494952e-01
5.410628019323671101e-01
5.432692307692307265e-01
5.406698564593301892e-01
5.428571428571428159e-01
5.402843601895734871e-01
5.377358490566037652e-01
5.352112676056337559e-01
5.327102803738317238e-01
5.348837209302325091e-01
5.370370370370370905e-01
5.391705069124423932e-01
5.412844036697247452e-01
5.388127853881278240e-01
5.409090909090908950e-01
5.384615384615384359e-01
5.405405405405405705e-01
5.381165919282511201e-01
5.357142857142856984e-01
5.333333333333333259e-01
5.353982300884956302e-01
5.374449339207048038e-01
5.394736842105263275e-01
5.371179039301310354e-01
5.347826086956521952e-01
5.367965367965368273e-01
5.387931034482759118e-01
5.407725321888412484e-01
5.384615384615384359e-01
5.361702127659574435e-01
5.381355932203389925e-01
5.358649789029535926e-01
5.378151260504201447e-01
5.355648535564853097e-01
5.333333333333333259e-01
5.311203319502074693e-01
5.330578512396694224e-01
5.349794238683127645e-01
5.368852459016393297e-01
5.387755102040816535e-01
5.406504065040650397e-01
5.425101214574898911e-01
5.403225806451612545e-01
5.421686746987951500e-01
5.440000000000000391e-01
5.418326693227091262e-01
5.396825396825396526e-01
5.415019762845849627e-01
5.393700787401575214e-01
5.372549019607842924e-01
5.390625000000000000e-01
5.408560311284046351e-01
5.426356589147286469e-01
5.405405405405405705e-01
5.384615384615384359e-01
5.363984674329501656e-01
5.343511450381679406e-01
5.361216730038023126e-01
5.378787878787878451e-01
5.358490566037735769e-01
5.375939849624060685e-01
5.393258426966291985e-01
5.410447761194029370e-01
5.390334572490705911e-01
5.407407407407407440e-01
5.424354243542435228e-01
5.441176470588234837e-01
5.421245421245420859e-01
5.401459854014598605e-01
5.381818181818182056e-01
5.398550724637680709e-01
5.415162454873646558e-01
5.395683453237409832e-01
5.376344086021505042e-01
5.392857142857142572e-01
5.373665480427046726e-01
5.354609929078014696e-01
5.335689045936395924e-01
5.352112676056337559e-01
5.368421052631578982e-01
5.384615384615384359e-01
5.365853658536585691e-01
5.347222222222222099e-01
5.328719723183390489e-01
5.310344827586206407e-01
5.326460481099656308e-01
5.308219178082191902e-01
5.290102389078498168e-01
5.306122448979592177e-01
5.288135593220338881e-01
5.304054054054053724e-01
5.319865319865320075e-01
5.302013422818792066e-01
5.317725752508360992e-01
5.300000000000000266e-01
5.282392026578073274e-01
5.298013245033112995e-01
5.280528052805280037e-01
5.296052631578946901e-01
5.311475409836065031e-01
5.294117647058823595e-01
5.276872964169381230e-01
5.259740259740259827e-01
5.275080906148866822e-01
5.258064516129031807e-01
5.241157556270096274e-01
5.256410256410256610e-01
5.271565495207667373e-01
5.254777070063694211e-01
5.238095238095238360e-01
5.253164556962025555e-01
5.236593059936908157e-01
5.251572327044025101e-01
5.235109717868338119e-01
5.250000000000000222e-01
5.233644859813083583e-01
5.248447204968944568e-01
5.263157894736841813e-01
5.246913580246913567e-01
5.230769230769231060e-01
5.214723926380367969e-01
5.198776758409785481e-01
5.182926829268292845e-01
5.197568389057750649e-01
5.212121212121212377e-01
5.196374622356495498e-01
5.180722891566265087e-01
5.195195195195194682e-01
5.179640718562874557e-01
5.194029850746268995e-01
5.178571428571429047e-01
5.163204747774480241e-01
5.177514792899408080e-01
5.191740412979350960e-01
5.176470588235294601e-01
5.190615835777125930e-01
5.175438596491228616e-01
5.160349854227405109e-01
5.145348837209302584e-01
5.159420289855072284e-01
5.173410404624277925e-01
5.187319884726224739e-01
5.201149425287355799e-01
5.186246418338108510e-01
5.200000000000000178e-01
5.185185185185184897e-01
5.198863636363636465e-01
5.212464589235127344e-01
5.197740112994350126e-01
5.211267605633802535e-01
5.196629213483145993e-01
5.210084033613445742e-01
5.195530726256982756e-01
5.208913649025069814e-01
5.194444444444444864e-01
5.207756232686980846e-01
5.220994475138122093e-01
5.206611570247934306e-01
5.192307692307692735e-01
5.205479452054794232e-01
5.191256830601093109e-01
5.204359673024523403e-01
5.190217391304348116e-01
5.203252032520325754e-01
5.216216216216216228e-01
5.229110512129380162e-01
5.241935483870967527e-01
5.254691689008043065e-01
5.267379679144384985e-01
5.280000000000000249e-01
5.292553191489361986e-01
5.305039787798409012e-01
5.291005291005290712e-01
5.303430079155673216e-01
5.289473684210526105e-01
5.301837270341207553e-01
5.287958115183245544e-01
5.300261096605743960e-01
5.312500000000000000e-01
5.324675324675324228e-01
5.336787564766839465e-01
5.322997416020671668e-01
5.309278350515463929e-01
5.295629820051414027e-01
5.307692307692307709e-01
5.294117647058823595e-01
5.280612244897958663e-01
5.267175572519083859e-01
5.253807106598984422e-01
5.240506329113924222e-01
5.227272727272727071e-01
5.214105793450881654e-01
5.226130653266332082e-01
5.213032581453633796e-01
5.200000000000000178e-01
5.187032418952618462e-01
5.199004975124378314e-01
5.210918114143920921e-01
5.198019801980198196e-01
5.185185185185184897e-01
5.172413793103448620e-01
5.184275184275184412e-01
5.171568627450980893e-01
5.183374083129583809e-01
5.170731707317073322e-01
5.182481751824817851e-01
5.194174757281553312e-01
5.205811138014527772e-01
5.193236714975845159e-01
5.204819277108433395e-01
5.216346153846154188e-01
5.203836930455635335e-01
5.215311004784688453e-01
5.226730310262529544e-01
5.238095238095238360e-01
5.249406175771971217e-01
5.260663507109004655e-01
5.248226950354609732e-01
5.259433962264150608e-01
5.247058823529411331e-01
5.234741784037558743e-01
5.245901639344262568e-01
5.257009345794392274e-01
5.268065268065268425e-01
5.255813953488371881e-01
5.266821345707656254e-01
5.254629629629629095e-01
5.265588914549653721e-01
5.253456221198156140e-01
5.264367816091953811e-01
5.275229357798164598e-01
5.263157894736841813e-01
5.251141552511415789e-01
5.261958997722095965e-01
5.272727272727272263e-01
5.260770975056688892e-01
5.248868778280543212e-01
5.237020316027087841e-01
5.247747747747747438e-01
5.258426966292134574e-01
5.246636771300448032e-01
5.234899328859060619e-01
5.245535714285713969e-01
5.256124721603563366e-01
5.266666666666666163e-01
5.277161862527716130e-01
5.265486725663717227e-01
5.253863134657836831e-01
5.264317180616739922e-01
5.252747252747252960e-01
5.241228070175438791e-01
5.229759299781181481e-01
5.240174672489082974e-01
5.250544662309367672e-01
5.260869565217390909e-01
5.249457700650759229e-01
5.238095238095238360e-01
5.226781857451403557e-01
5.237068965517240882e-01
5.225806451612903247e-01
5.236051502145923076e-01
5.224839400428265002e-01
5.213675213675214026e-01
5.223880597014924909e-01
5.212765957446808818e-01
5.201698513800424584e-01
5.211864406779661563e-01
5.200845665961945086e-01
5.189873417721518889e-01
5.200000000000000178e-01
5.210084033613445742e-01
5.199161425576519502e-01
5.209205020920502083e-01
5.198329853862212468e-01
5.208333333333333703e-01
5.218295218295218030e-01
5.228215767634855071e-01
5.238095238095238360e-01
5.247933884297520946e-01
5.257731958762886793e-01
5.267489711934156826e-01
5.256673511293634693e-01
5.245901639344262568e-01
5.235173824130879838e-01
5.224489795918367818e-01
5.213849287169042279e-01
5.203252032520325754e-01
5.192697768762677413e-01
5.182186234817813819e-01
5.191919191919192045e-01
5.181451612903226200e-01
5.191146881287725945e-01
5.180722891566265087e-01
5.190380761523045727e-01
5.200000000000000178e-01
5.189620758483033391e-01
5.199203187250995839e-01
5.208747514910536669e-01
5.218253968253968589e-01
5.207920792079208105e-01
5.217391304347825942e-01
5.207100591715976279e-01
5.196850393700787052e-01
5.186640471512770079e-01
5.196078431372549433e-01
5.185909980430528643e-01
5.175781250000000000e-01
5.185185185185184897e-01
5.175097276264591928e-01
5.184466019417475202e-01
5.174418604651163101e-01
5.183752417794971201e-01
5.193050193050192664e-01
5.202312138728323321e-01
5.192307692307692735e-01
5.201535508637236127e-01
5.210727969348658561e-01
5.200764818355640973e-01
5.190839694656488312e-01
5.200000000000000178e-01
5.209125475285171225e-01
5.218216318785579011e-01
5.208333333333333703e-01
5.198487712665406102e-01
5.207547169811320709e-01
5.197740112994350126e-01
5.187969924812030342e-01
5.196998123827392124e-01
5.187265917602996712e-01
5.196261682242990787e-01
5.205223880597015240e-01
5.214152700186219791e-01
5.223048327137546076e-01
5.231910946196660639e-01
5.240740740740740256e-01
5.231053604436228799e-01
5.239852398523985322e-01
5.230202578268876579e-01
5.220588235294117974e-01
5.229357798165137350e-01
5.238095238095238360e-01
5.228519195612431059e-01
5.218978102189780754e-01
5.209471766848815522e-01
5.200000000000000178e-01
5.190562613430127481e-01
5.181159420289854767e-01
5.171790235081373810e-01
5.180505415162455218e-01
5.171171171171171643e-01
5.161870503597122406e-01
5.170556552962297658e-01
5.179211469534049650e-01
5.169946332737029859e-01
5.178571428571429047e-01
5.187165775401069157e-01
5.195729537366547968e-01
5.186500888099466744e-01
5.195035460992907250e-01
5.203539823008849208e-01
5.194346289752650447e-01
5.185185185185184897e-01
5.176056338028168780e-01
5.166959578207381831e-01
5.175438596491228616e-01
5.183887915936952195e-01
5.174825174825175012e-01
5.165794066317626054e-01
5.174216027874564139e-01
5.165217391304347538e-01
5.156250000000000000e-01
5.164644714038127971e-01
5.173010380622837801e-01
5.164075993091536976e-01
5.155172413793103203e-01
5.146299483648881790e-01
5.137457044673539031e-01
5.128644939965694149e-01
5.136986301369863561e-01
5.145299145299144783e-01
5.136518771331057831e-01
5.127768313458261895e-01
5.136054421768707634e-01
5.127334465195245716e-01
5.135593220338983134e-01
5.143824027072757543e-01
5.135135135135134865e-01
5.126475548060708265e-01
5.117845117845117864e-01
5.126050420168066779e-01
5.117449664429529754e-01
5.108877721943048122e-01
5.117056856187290892e-01
5.108514190317194892e-01
5.100000000000000089e-01
5.108153078202994912e-01
5.099667774086378280e-01
5.107794361525704874e-01
5.099337748344371368e-01
5.107438016528925706e-01
5.115511551155115244e-01
5.123558484349258757e-01
5.115131578947368363e-01
5.106732348111658881e-01
5.114754098360655421e-01
5.122749590834697608e-01
5.114379084967319855e-01
5.122349102773245955e-01
5.114006514657980507e-01
5.105691056910569570e-01
5.097402597402597157e-01
5.089141004862236528e-01
5.097087378640776656e-01
5.088852988691437984e-01
5.096774193548386789e-01
5.104669887278583396e-01
5.096463022508038732e-01
5.104333868378811978e-01
5.096153846153845812e-01
5.103999999999999648e-01
5.111821086261980618e-01
5.103668261562998021e-01
5.111464968152866772e-01
5.103338632750397119e-01
5.111111111111110716e-01
5.118858954041204390e-01
5.126582278481012223e-01
5.134281200631911624e-01
5.126182965299684868e-01
5.133858267716535639e-01
5.141509433962264675e-01
5.133437990580848043e-01
5.141065830721003316e-01
5.148669796557120426e-01
5.140624999999999778e-01
5.148205928237129525e-01
5.155763239875389425e-01
5.147744945567651609e-01
5.139751552795031042e-01
5.147286821705426840e-01
5.154798761609906688e-01
5.146831530139103217e-01
5.138888888888888395e-01
5.130970724191062926e-01
5.138461538461538414e-01
5.145929339477726128e-01
5.153374233128834581e-01
5.160796324655436695e-01
5.168195718654434723e-01
5.175572519083969647e-01
5.182926829268292845e-01
5.190258751902587786e-01
5.197568389057750649e-01
5.204855842185128756e-01
5.212121212121212377e-01
5.204236006051436991e-01
5.211480362537764810e-01
5.203619909502262830e-01
5.210843373493976305e-01
5.203007518796992636e-01
5.195195195195194682e-01
5.187406296851574394e-01
5.194610778443113919e-01
5.186846038863975883e-01
5.179104477611939927e-01
5.186289120715350531e-01
5.178571428571429047e-01
5.170876671619614173e-01
5.178041543026705718e-01
5.170370370370370727e-01
5.177514792899408080e-01
5.184638109305760301e-01
5.191740412979350960e-01
5.198821796759941494e-01
5.191176470588235725e-01
5.183553597650514266e-01
5.190615835777125930e-01
5.197657393850658725e-01
5.204678362573099681e-01
5.197080291970802568e-01
5.204081632653061451e-01
5.196506550218340514e-01
5.188953488372093359e-01
5.181422351233672119e-01
5.173913043478260976e-01
