2.500000000000000000e-01
2.518250297608267130e-01
3.510967245455123842e-01
3.256920737043513259e-01
3.606929808277762883e-01
3.657445360718531435e-01
3.681844947888791575e-01
3.409900340485070291e-01
3.248260657439316912e-01
3.059655019809475740e-01
3.127184373185619704e-01
3.210785374331943109e-01
3.189104284776720366e-01
3.099353110965548663e-01
3.277912706106942409e-01
3.180631010844297002e-01
3.125795494596912416e-01
3.030507927193378248e-01
3.005307432174487148e-01
3.028250036197466244e-01
2.999826091245175741e-01
2.958225596320331885e-01
2.889563603769635391e-01
2.940354161989500170e-01
2.893019191202498841e-01
2.853907978275501134e-01
2.834706137339969012e-01
2.799000964569626215e-01
2.761638259960300101e-01
2.757564468391652812e-01
2.729748325296911804e-01
2.786435454875947348e-01
2.727303946332603757e-01
2.747301494725385984e-01
2.700594495318112132e-01
2.654100389939345050e-01
2.666506567644360004e-01
2.644871136029982583e-01
2.622795954004023544e-01
2.651303805407516645e-01
2.653231322080062404e-01
2.652695590525453451e-01
2.642046405950032595e-01
2.729120159191959494e-01
2.727823183329897150e-01
2.752959520154215634e-01
2.730664712445224906e-01
2.743256685897770830e-01
2.751428749474787439e-01
2.763977855962580499e-01
2.746855871351339684e-01
2.741767800990453363e-01
2.747272670911671266e-01
2.740310571303996579e-01
2.729609485714339923e-01
2.733314652387471844e-01
2.749096348763885311e-01
2.750604413286016348e-01
2.766028474543443805e-01
2.790038686504533461e-01
2.800699971545759781e-01
2.807200780409701002e-01
2.802645046018971686e-01
2.801555636333981081e-01
2.789939827952742646e-01
2.795633027856447850e-01
2.782870682456369260e-01
2.780732892239368703e-01
2.771072807764195511e-01
2.772231281286557381e-01
2.777725291080949677e-01
2.770356173035793956e-01
2.773297919781654852e-01
2.766085116835510505e-01
2.760537411938594476e-01
2.751552390961622407e-01
2.752601640309886855e-01
2.753536797081826970e-01
2.748789676543024196e-01
2.741164014179744424e-01
2.735063253633346902e-01
2.727415761379264891e-01
2.734009091783748402e-01
2.726293402662961496e-01
2.720674729598999142e-01
2.723308286749663298e-01
2.716266729354515630e-01
2.709589716196249554e-01
2.711981545130901505e-01
2.714016811884887304e-01
2.715531410311242122e-01
2.709134533762254660e-01
2.702066069111386248e-01
2.704524731659119774e-01
2.697727783480500796e-01
2.698674469652730945e-01
2.702603895261372902e-01
2.702422187699904943e-01
2.705157827067224408e-01
2.696744627869209210e-01
2.690608652217483798e-01
2.688968095443984296e-01
2.695036375564173192e-01
2.692746672335710745e-01
2.690514293905230114e-01
2.682508979071823174e-01
2.682446156770443291e-01
2.685860411666937120e-01
2.683452907945416133e-01
2.680453119938875917e-01
2.684926455158271885e-01
2.687652349506135518e-01
2.687995253808289631e-01
2.681191873356340571e-01
2.677978252619105382e-01
2.673653975290481988e-01
2.672638551670815099e-01
2.671846359664274417e-01
2.665299929017090341e-01
2.659494992839929739e-01
2.661293906754954586e-01
2.658912413439933342e-01
2.663080530989122563e-01
2.667326925251387038e-01
2.669531317242524460e-01
2.667305340810743886e-01
2.665673659373978266e-01
2.667011200159110085e-01
2.663553134392177002e-01
2.663262067243062359e-01
2.663726993500729612e-01
2.669321180684560146e-01
2.674133844527400994e-01
2.675998498659637459e-01
2.673991559486853520e-01
2.670902088394935814e-01
2.670651494138155946e-01
2.666507979663564898e-01
2.663706375682383110e-01
2.659341840788082556e-01
2.662436639249530779e-01
2.668232596245230237e-01
2.664725002036960610e-01
2.665947926963017078e-01
2.662502439005710042e-01
2.668757225302649250e-01
2.669751060687653443e-01
2.670162306666828411e-01
2.670406200797065810e-01
2.664644362140999312e-01
2.665491751194485337e-01
2.666225332804901815e-01
2.667317340650173230e-01
2.669666001605680017e-01
2.670505564047350178e-01
2.668629088824204243e-01
2.663352515330070780e-01
2.658870632399597533e-01
2.657598875565933549e-01
2.662960304885036988e-01
2.662476402520477792e-01
2.662266286283070382e-01
2.662635548940701091e-01
2.661966816639380062e-01
2.659240053223727029e-01
2.659135502899213077e-01
2.664650376879997284e-01
2.665049820640223999e-01
2.664830903470085666e-01
2.668323828510987816e-01
2.666713131201277065e-01
2.667340493484313124e-01
2.666398072402548780e-01
2.664719850958052749e-01
2.662771367546836743e-01
2.660789928785887160e-01
2.661170395277818734e-01
2.662522823076414191e-01
2.659525603686166417e-01
2.655871863240127362e-01
2.658924931305706729e-01
2.663023784074977640e-01
2.660764263835743715e-01
2.658631183256949804e-01
2.656919690341933427e-01
2.659651310021839965e-01
2.660961306408320959e-01
2.660194589753162586e-01
2.657778596566667817e-01
2.658737704224909959e-01
2.656181435574477834e-01
2.659149442408820785e-01
2.661321766163802227e-01
2.658486173903502059e-01
2.660604587634711748e-01
2.662561444243684017e-01
2.659752867331152681e-01
2.659762615697332522e-01
2.660358980954483643e-01
2.659091508364587741e-01
2.657163069376127784e-01
2.657172364830215905e-01
2.655020308826345210e-01
2.652789384989956978e-01
2.651170139123790181e-01
2.653530570592207427e-01
2.651200247219249184e-01
2.650912653808260577e-01
2.647877795190957118e-01
2.649630187758771349e-01
2.647198027011594679e-01
2.641863932487327760e-01
2.640059245111845421e-01
2.636934539511548437e-01
2.639885988959017049e-01
2.640735229550167373e-01
2.640452326690956864e-01
2.641698938884953773e-01
2.639874377191570032e-01
2.639308768428411667e-01
2.638500611445511179e-01
2.640525313854228950e-01
2.638684273249907175e-01
2.637636472745694682e-01
2.634522434176044259e-01
2.635351038480819308e-01
2.636270626660396910e-01
2.640321276180984111e-01
2.638992945304063920e-01
2.636651263252109412e-01
2.636192208705137041e-01
2.636699996518996891e-01
2.637923069758172923e-01
2.633184961777650934e-01
2.629587204200352635e-01
2.632397615688120140e-01
2.631756579086316772e-01
2.631481904731899912e-01
2.629462279173718220e-01
2.627290255137630925e-01
2.625295694850067196e-01
2.625168971358957104e-01
2.624798283741623384e-01
2.624875632853514995e-01
2.626950489389907606e-01
2.628327089474555844e-01
2.629756869982396439e-01
2.625650507728540806e-01
2.626885733512051568e-01
2.628377941664764572e-01
2.625666081744357228e-01
2.621119538119168757e-01
2.622498198719521723e-01
2.620220871279682062e-01
2.618765395465298962e-01
2.618752892418899636e-01
2.619457663871814779e-01
2.619007423288666203e-01
2.618018938729392842e-01
2.615753152452906516e-01
2.613424784968955694e-01
2.612674307499936455e-01
2.615766370925361461e-01
2.617679619011279435e-01
2.616961556943107059e-01
2.616967582219378863e-01
2.619803896295123669e-01
2.621744127333691665e-01
2.620367785462322519e-01
2.621276100249672614e-01
2.621279686672856046e-01
2.621143123646008655e-01
2.619844789597919887e-01
2.616409433744338320e-01
2.614233667184212573e-01
2.614798634122535992e-01
2.620038986475519138e-01
2.618662899204643457e-01
2.614988633830337417e-01
2.615993780616981401e-01
2.615409075039104025e-01
2.613144483069532731e-01
2.608695448954234664e-01
2.609481415985150377e-01
2.609335407423514219e-01
2.615056943212373253e-01
2.610051275829339823e-01
2.604006534465136413e-01
2.600005262244671211e-01
2.594633399893446213e-01
2.598807228118192869e-01
2.595736723150554592e-01
2.592448674945191378e-01
2.598453815311074777e-01
2.593249625189288365e-01
2.598242280101360491e-01
2.602839282919807151e-01
2.601145716490584348e-01
2.605708122875789456e-01
2.604280769085256519e-01
2.601497692831405972e-01
2.603768007700981157e-01
2.601259629801189743e-01
2.602971790744856295e-01
2.603979942724959917e-01
2.599440415481687472e-01
2.597463605869632652e-01
2.595875327788342291e-01
2.597874971841374059e-01
2.594933391233643083e-01
2.593846149461752626e-01
2.593889294799793244e-01
2.596931132711809975e-01
2.591541921809953353e-01
2.586451778361397724e-01
2.590549416610924971e-01
2.586575828301971303e-01
2.589127666606827471e-01
2.587260522395318785e-01
2.590061784672680334e-01
2.588317702036026513e-01
2.588833966689350619e-01
2.589415665737178074e-01
2.588231683704293462e-01
2.586777682014537172e-01
2.584231927083215918e-01
2.583824544033149762e-01
2.582463397276804073e-01
2.582215497990649200e-01
2.584161850248605230e-01
2.580659857815380542e-01
2.578101516798658177e-01
2.581943514583832644e-01
2.580565349925935115e-01
2.582645664403884767e-01
2.580203328884569380e-01
2.576135316945283305e-01
2.582151986042683367e-01
2.586189180796064635e-01
2.582903563511010914e-01
2.583003088441996331e-01
2.580274811976390748e-01
2.578553091199346503e-01
2.575526153964838860e-01
2.576101227925451376e-01
2.581947954153840374e-01
2.583519905285948104e-01
2.588203789303921143e-01
2.586648347003398518e-01
2.586485439249456841e-01
2.583415658598500197e-01
2.584222632961770683e-01
2.588325702770371550e-01
2.587899406295115501e-01
2.587922873042156069e-01
2.586443439084595841e-01
2.590994324301163498e-01
2.590577401557634940e-01
2.595340283205508913e-01
2.593638284209784373e-01
2.598358492701266509e-01
2.600109595094647341e-01
2.596369257809779119e-01
2.594158289683625163e-01
2.595121560772331026e-01
2.593746528746838087e-01
2.593650867771325474e-01
2.592818847073380395e-01
2.592751951618196826e-01
2.592679143143719056e-01
2.595203708034864998e-01
2.598248521580477366e-01
2.599283635742996035e-01
2.600952537172188661e-01
2.602063683532853111e-01
2.602653767171363985e-01
2.603793226340288536e-01
2.602192861863814044e-01
2.603187015686022066e-01
2.602263218762418950e-01
2.603900521674967772e-01
2.603348731045464493e-01
2.603396573801678993e-01
2.606132864704721608e-01
2.607797888083687732e-01
2.607707814392079548e-01
2.606516881200793834e-01
2.604986696301805349e-01
2.603886094176205979e-01
2.606882977155794978e-01
2.604530042081522612e-01
2.603178801937802711e-01
2.602355746323591901e-01
2.601390848008037771e-01
2.600459092614798018e-01
2.598138368472558968e-01
2.597364342929696091e-01
2.597203480556457555e-01
2.595796709540381109e-01
2.595032711498775901e-01
2.594784882699916473e-01
2.595264625335235720e-01
2.595149250164155430e-01
2.594906616592053128e-01
2.593674563795333454e-01
2.591467654242333163e-01
2.596118489395856654e-01
2.595625146449127563e-01
2.597599314125200176e-01
2.596624388203533917e-01
2.599049253226284328e-01
2.601643457576652829e-01
2.604935636715034475e-01
2.602674260760521885e-01
2.603137096336821110e-01
2.603772671275282335e-01
2.602357334462854221e-01
2.602859536782067273e-01
2.606299201516861785e-01
2.606618646824822583e-01
2.610505475186503666e-01
2.610366748579081575e-01
2.609817923813831375e-01
2.612285898146626817e-01
2.611025010614063668e-01
2.608715654943482565e-01
2.608862991791637831e-01
2.610640069131490715e-01
2.611570767975163188e-01
2.610749175091707786e-01
2.612474261204548731e-01
2.610437018948141841e-01
2.612851108295028979e-01
2.612280734370044377e-01
2.614167709729280364e-01
2.614019732974197097e-01
2.611701461405170899e-01
2.611167168097747737e-01
2.612533205201780784e-01
2.612573020609852970e-01
2.611379349325600452e-01
2.610417119395802010e-01
2.607958330693947446e-01
2.608374309378668765e-01
2.608171207956263005e-01
2.607452868645021016e-01
2.605607204165860113e-01
2.606771247345528453e-01
2.607170507082409716e-01
2.607880085070491405e-01
2.607668989563196038e-01
2.604757028909228667e-01
2.603102569033549085e-01
2.604070803376412613e-01
2.599984561809401962e-01
2.598571118256123302e-01
2.596858405235857870e-01
2.600665083486242701e-01
2.602242365184104234e-01
2.602484552121751005e-01
2.601634433509837918e-01
2.598354362971780906e-01
2.597344071300999868e-01
2.597619100221722488e-01
2.596638556296306799e-01
2.602561114236661699e-01
2.600558546251149350e-01
2.599881177559594803e-01
2.602394283237415284e-01
2.600593888653598418e-01
2.598649468893473591e-01
2.600355570073724087e-01
2.598144655906952649e-01
2.595467383674708861e-01
2.597443153392496873e-01
2.600473345868776209e-01
2.600135316036760180e-01
2.601603713988241418e-01
2.598353143913082475e-01
2.600311313239965783e-01
2.600548529607921155e-01
2.602663912747768538e-01
2.605737059183361182e-01
2.609277325258353986e-01
2.609142855575968811e-01
2.610608419573773875e-01
2.610005844164411393e-01
2.609207777247184445e-01
2.608010927053645567e-01
2.606711965284458921e-01
2.605276814090984328e-01
2.603623838831549686e-01
2.601702157966566120e-01
2.600526982022754452e-01
2.602335689419650322e-01
2.600867837137417760e-01
2.601388920286331063e-01
2.599051740096914309e-01
2.598869591717258842e-01
2.601427685930226552e-01
2.597680622986732191e-01
2.600022671560406895e-01
2.603000663239524171e-01
2.606071154976368764e-01
2.605242487315262423e-01
2.606795717133028600e-01
2.606301831949370817e-01
2.605604231390034609e-01
2.604629484172968357e-01
2.606340524372516287e-01
2.604429212005490157e-01
2.603376931404830508e-01
2.606043317673814586e-01
2.604790034052080760e-01
2.605739879866401099e-01
2.604667083559754071e-01
2.608488049784201124e-01
2.613527712620654087e-01
2.613995774911307413e-01
2.612837727103286545e-01
2.613770211991817694e-01
2.613901467059055461e-01
2.613653239395095085e-01
2.611641891387330161e-01
2.612738255311419788e-01
2.613408789693940637e-01
2.614405394669928051e-01
2.612896828572797148e-01
2.611945049487335302e-01
2.612520432680115468e-01
2.611308424390095806e-01
2.610502376715140849e-01
2.611310009090777595e-01
2.610318968085725277e-01
2.610625585162389406e-01
2.611671360747523374e-01
2.612278225905132478e-01
2.612379830411930559e-01
2.614124348902499562e-01
2.614612470084616280e-01
2.614112689223517250e-01
2.615597099695715633e-01
2.615343759963763004e-01
2.614119980992908876e-01
2.613992894305879333e-01
2.614391623024387989e-01
2.614124699718749500e-01
2.612821437010061087e-01
2.612414382752131781e-01
2.610754200471956943e-01
2.610219104810398427e-01
2.609331949283905661e-01
2.607393857540039606e-01
2.607356699699254210e-01
2.605776580505516637e-01
2.602519342739049169e-01
2.603467306637789469e-01
2.606372830858417755e-01
2.604964773260247113e-01
2.604865514361218160e-01
2.605280733309550678e-01
2.608547542070696612e-01
2.606702831728763825e-01
2.606653166602444505e-01
2.610506441516510789e-01
2.609178343485804019e-01
2.606321461269126005e-01
2.604850430468717559e-01
2.603995379533517451e-01
2.603965443076080022e-01
2.607563080196534933e-01
2.606755048767911420e-01
2.606543040308776926e-01
2.606531307592886426e-01
2.604561198147643530e-01
2.602582880872871263e-01
2.603762522821380099e-01
2.605828491574738726e-01
2.604382541134178664e-01
2.602216170045345001e-01
2.602036236073929643e-01
2.600328949728319960e-01
2.599240847879169536e-01
2.601723614045188260e-01
2.602794265955781228e-01
2.601388576067827918e-01
2.600841256022834447e-01
2.603771621992101992e-01
2.602499390220114339e-01
2.603266479136439049e-01
2.605886340839305149e-01
2.604070590389438999e-01
2.602782494759476872e-01
2.601234626919438631e-01
2.601242005636784094e-01
2.600197369303153261e-01
2.597512593867348230e-01
2.597668131789309665e-01
2.595503483320278360e-01
2.594019958082325328e-01
2.594939388660787438e-01
2.594584679254402504e-01
2.597366109182862037e-01
2.596228129017947306e-01
2.596306275274850028e-01
2.596440325010390682e-01
2.599084994726623132e-01
2.597200305156427969e-01
2.596719197471717422e-01
2.597382023068506851e-01
2.599118083241783728e-01
2.597985704822372011e-01
2.601127538423659846e-01
2.599658274663524948e-01
2.598810461052127319e-01
2.597414084149628488e-01
2.596515237348541172e-01
2.596426384933303022e-01
2.595683819633754497e-01
2.596728968451212372e-01
2.598566722765209835e-01
2.597030835276480376e-01
2.599017115950716383e-01
2.598358105923018746e-01
2.600847300056005063e-01
2.603419340543889349e-01
2.602267901348279122e-01
2.603479729097171735e-01
2.601607773242805011e-01
2.602545997402416211e-01
2.603777071550534838e-01
2.604562595759604138e-01
2.606086729660917478e-01
2.604213793885667982e-01
2.606580003251475208e-01
2.608826985673674548e-01
2.607808551954626797e-01
2.609461760948841302e-01
2.610595737742515410e-01
2.609218908311750629e-01
2.610403799748430287e-01
2.615197406803754232e-01
2.612875358396046233e-01
2.611332111264190736e-01
2.612387468157912340e-01
2.614481785597984609e-01
2.613965693829869985e-01
2.613527748571222165e-01
2.612585118094990499e-01
2.612649343646214484e-01
2.612836823061412406e-01
2.612813642729597818e-01
2.614945473420146604e-01
2.616917597331804290e-01
2.618316591148618921e-01
2.618342862039208518e-01
2.619119141707017540e-01
2.619888069024861044e-01
2.620970923727302671e-01
2.621377322864764658e-01
2.620361936007993275e-01
2.622018909433848632e-01
2.621442842267720508e-01
2.622725213472446026e-01
2.621497129943695104e-01
2.621113194426287762e-01
2.620341640534761263e-01
2.621501306618232441e-01
2.620483567895320332e-01
2.618872561930097320e-01
2.619552737647515839e-01
2.617759930298635407e-01
2.616895928173859631e-01
2.617706863437135323e-01
2.617520844143518266e-01
2.618671982723594915e-01
2.619054746952501622e-01
2.619289864179552563e-01
2.619471458043206580e-01
2.617702351129920779e-01
2.616804454984057449e-01
2.617143896526402114e-01
2.619179385118124426e-01
2.619608730871850755e-01
2.618033225223182492e-01
2.618654680317378247e-01
2.617774073697377024e-01
2.617025925333217873e-01
2.616149395433078340e-01
2.615083527109419714e-01
