5.000000000000000000e-01
4.963631670323809253e-01
7.413771739910015590e-01
4.994778485387195710e-01
2.924008130859135357e-01
6.253017769783141278e-01
3.812720734514760124e-01
6.118907256121006721e-01
5.578299882315298497e-01
6.309194828847095593e-01
6.166423523361866943e-01
6.426815997787319601e-01
4.588039902111213375e-01
5.603879151546996562e-01
7.601149280264435371e-01
5.851017495933947821e-01
5.258241639814656976e-01
3.755821190276896759e-01
5.051433976441189744e-01
4.114288902236133416e-01
5.069130713353512396e-01
4.565758647693300420e-01
6.286511387314744903e-01
6.409787048760978712e-01
4.191634397600130790e-01
5.668571072843791026e-01
5.167342063609154934e-01
5.716355173721378025e-01
4.141838397256917270e-01
5.137532980819572437e-01
5.646536973334133069e-01
3.259275653295078956e-01
7.110197804441276137e-01
4.162859782661380015e-01
6.664499264771760467e-01
6.795617529565977089e-01
4.420457935435110897e-01
5.705398544337306754e-01
5.776329751250014466e-01
6.134419296187508808e-01
5.225257877829460051e-01
4.870935176090576690e-01
5.315151385815807261e-01
8.045676819631043530e-01
5.167935995539378879e-01
3.767749461672328937e-01
4.129289960552084415e-01
4.224985334938574644e-01
4.393140093446629701e-01
5.812816936618989683e-01
5.651716843638975307e-01
5.017755312527053535e-01
5.507745370671212060e-01
4.869619381529963764e-01
5.361303131403287736e-01
5.419500732917827968e-01
6.027330541660268493e-01
4.674059621956438426e-01
6.050309105718661984e-01
6.485862465554487200e-01
5.865472763571031312e-01
4.339832050981063394e-01
4.979851084087528745e-01
4.772263562324932096e-01
4.523856862847778770e-01
5.626447388536836014e-01
4.405174101044323498e-01
5.135660568710068707e-01
5.401971005471594145e-01
5.340567342829347641e-01
5.623438429189409060e-01
4.740410100223125256e-01
5.463610240018614839e-01
5.267611066525768049e-01
5.152312665232187117e-01
5.441847065215227319e-01
5.321977631273907550e-01
5.315584510212586489e-01
5.122998590817904319e-01
4.624647756835843504e-01
5.259744300228551550e-01
4.591262232544146005e-01
4.277533586860157722e-01
5.432844204937101740e-01
5.257947498997747049e-01
5.428775777793873880e-01
4.594227675433373292e-01
4.613772395152473949e-01
5.405980476639037358e-01
5.380664970976761774e-01
5.340267098828653802e-01
5.388038630035612009e-01
5.470356171583096172e-01
5.415884367855650083e-01
4.537416285387873560e-01
5.280728790625940361e-01
4.450379514155068383e-01
5.181502247647388204e-01
4.547247956247607581e-01
4.317218904880448793e-01
4.557423709778278265e-01
5.023217953981817807e-01
5.756736009079662653e-01
5.043280076699797609e-01
4.958171978799492674e-01
4.291795570112920122e-01
5.172800975123793554e-01
5.523753873582548657e-01
5.077152748641128310e-01
5.148736012928174510e-01
5.636482350980793754e-01
5.468296464273822988e-01
5.221494551993285382e-01
4.373110886183992352e-01
4.807936655753973776e-01
4.665149603709154436e-01
5.054551821664791111e-01
4.921457005302599663e-01
5.649343598203455663e-01
5.562987956115159616e-01
5.363919813492664668e-01
4.869036580600268338e-01
4.368312089621591565e-01
5.647683967353256396e-01
4.575171962040096019e-01
4.887799389130270122e-01
5.040078832943500897e-01
4.673764105983669870e-01
4.712664550150766352e-01
5.124172523449185279e-01
5.219355714068101282e-01
4.167196470164347688e-01
5.752743234129640282e-01
4.592599979429068391e-01
4.904142851033001516e-01
4.747445092874819084e-01
4.865245210123479436e-01
5.418683053264424787e-01
4.771881207950668946e-01
4.530641776261141174e-01
5.563909078923087170e-01
4.096219403942152892e-01
5.345274847574019716e-01
5.329940141679840870e-01
4.654408848772930707e-01
4.020283252227744297e-01
5.305516965290210107e-01
4.774470873102343305e-01
4.797594275652606322e-01
4.249859294596841641e-01
4.715494243340017100e-01
4.730278796769388228e-01
5.322877542393283923e-01
5.503645271815877926e-01
5.291311916778850266e-01
4.876243871297438748e-01
4.289763455302920692e-01
4.421781329187705056e-01
4.956471825650799468e-01
4.070895879964201436e-01
5.084340689008752801e-01
5.126829012226218341e-01
4.782283929268629774e-01
5.052685871419355657e-01
4.703244468509631959e-01
5.139926749822805174e-01
5.983409945582990330e-01
5.226621211258938304e-01
4.873546236542364851e-01
5.708439506926029638e-01
4.891722179918257529e-01
5.267465656160968956e-01
5.004299797513159787e-01
4.872768762274935495e-01
5.179486278418813372e-01
4.810445037228546217e-01
5.223152781470045136e-01
4.613069015266800799e-01
4.610879040076883428e-01
4.474206436228786998e-01
4.335657864226410418e-01
4.164834076641031890e-01
5.257077293171320553e-01
5.237356367165686422e-01
5.160573387291703673e-01
4.374165883351547324e-01
4.610546749164767255e-01
4.983209616459461921e-01
4.694221849791099799e-01
5.329173530325977959e-01
5.341147789431034409e-01
5.679822838582492261e-01
4.451659773301270828e-01
4.594798001724938463e-01
4.457819155342019335e-01
5.517380250620139703e-01
5.407319091777743614e-01
5.159150166291814887e-01
5.271090306445457285e-01
4.905980496266970636e-01
5.234000344435392194e-01
4.843411252482991980e-01
4.712011243667057481e-01
4.690321786618908972e-01
4.817513863421440945e-01
4.398733159706019746e-01
5.340436037149129955e-01
5.090560693807446579e-01
4.490687255634446262e-01
4.508296954102507526e-01
4.622168614518969987e-01
3.894059562804617070e-01
5.248720675955074189e-01
5.559986208750833381e-01
5.719699442031269676e-01
4.686505898518927293e-01
4.921274461932845790e-01
4.603506893377625753e-01
4.735102879593892089e-01
5.015416681888743566e-01
4.960550448495990583e-01
5.556963690884524354e-01
4.722259267649877579e-01
5.096963226421661330e-01
4.401110989936945495e-01
4.687950483047790828e-01
4.666991885206859814e-01
5.966421638934262806e-01
4.833356499748528434e-01
4.583018735892898654e-01
4.969483463001492241e-01
4.752144265015748048e-01
4.594746942790663979e-01
6.089493891686323934e-01
4.228134258881311447e-01
5.738331042483998390e-01
4.980433656882486404e-01
4.934050846351648589e-01
4.635505793682448417e-01
5.408511667756404906e-01
5.366857194263623398e-01
4.906250290796134172e-01
4.965030406897374959e-01
4.858335418326736876e-01
5.597513273114905763e-01
4.554273133719186073e-01
4.539704335009684399e-01
5.985801411207808398e-01
4.584077430554580057e-01
4.522831231657938322e-01
5.586723324283120462e-01
6.153004954257320636e-01
5.449697854017510057e-01
4.521124892104124160e-01
4.742440867962331996e-01
5.114259101362724769e-01
5.291388433878400077e-01
4.996705491958947642e-01
4.861059475502026439e-01
4.504347352106642943e-01
5.518873758594036172e-01
4.916095694843422570e-01
5.853107711623629639e-01
5.586469247751866263e-01
4.926858198635027941e-01
5.117190909504147900e-01
5.808841055187712321e-01
4.396620827901032702e-01
5.254994031683969391e-01
5.353141860670893593e-01
5.120789022145408875e-01
4.916561652414364048e-01
4.760985117092506602e-01
4.097019997164664806e-01
5.507702559146735455e-01
5.263235261853301816e-01
3.623185563387583130e-01
4.730207950156133934e-01
3.991920414754433488e-01
5.381848877561139499e-01
5.048544140120582169e-01
5.553884684783899628e-01
3.679766063814711163e-01
5.321569397963682446e-01
4.932585495621350513e-01
3.484100489543140999e-01
3.432827412326248107e-01
2.948161737318106268e-01
6.195215035313145213e-01
6.771741676399988252e-01
3.828114215821152300e-01
5.874203376840106960e-01
4.040221032293980219e-01
3.398515362045365085e-01
3.260701963356898991e-01
6.380498004985728500e-01
6.295674798764705482e-01
4.580563815745074541e-01
3.702933043339215469e-01
4.666371165816152189e-01
4.203064140214979871e-01
5.733352233591659797e-01
4.293867142872849763e-01
5.587268166712483497e-01
5.394866212128370808e-01
3.485519482492761556e-01
4.463809880114570916e-01
4.591594447283008362e-01
4.330991850265835663e-01
4.106074747791221835e-01
4.750580175279244810e-01
5.106180074116378753e-01
4.045182990837419834e-01
3.007854566844545552e-01
3.143480134365340684e-01
6.230012411875374134e-01
3.648180262367118343e-01
4.170711527770946669e-01
4.464872521288313356e-01
4.097742422469935475e-01
4.505786566523918846e-01
4.751614609800172695e-01
5.269461793331075006e-01
4.696600352470600703e-01
4.599653394043251575e-01
4.191493259452799269e-01
4.950775363225011771e-01
4.623168186375839483e-01
4.999095549671045413e-01
4.321521556687850096e-01
3.774920336710678170e-01
4.160878080722384964e-01
3.789133088479642031e-01
4.606122576360714427e-01
5.724919824800130952e-01
4.197643302990459180e-01
3.477475097459505893e-01
6.789528313415145178e-01
3.714492059157877279e-01
3.832857033438206162e-01
5.115507369730788456e-01
4.061936160508977101e-01
4.460632898423861348e-01
3.920824763399666235e-01
4.733191981497540390e-01
3.218356760380234327e-01
4.407670434429667439e-01
3.508843289874595262e-01
4.522559481556220895e-01
4.970456647841666187e-01
3.884575177240954802e-01
5.354876874839895606e-01
3.649719474387065343e-01
4.937020103797323811e-01
5.095321482982512196e-01
4.540092933135563280e-01
3.510693826456353084e-01
4.941392498191136129e-01
3.442216904208856842e-01
4.452662849065585626e-01
3.444366125511058585e-01
5.685294679350350044e-01
3.524722912070688552e-01
4.232702280919162785e-01
4.572521545817742061e-01
4.573685428012931320e-01
4.941700927452327696e-01
5.217252619123935453e-01
5.067676414403977647e-01
4.934614707584867310e-01
5.940785064079321387e-01
6.105632110602960960e-01
5.462916898690651779e-01
4.322454077454780386e-01
4.506701880999551824e-01
5.314071068035355339e-01
4.493431309921038785e-01
4.470856130801889594e-01
5.458000696666034379e-01
5.254323878816770099e-01
5.679855304885470524e-01
4.891948999329980285e-01
5.120227052266144163e-01
3.955058080866472592e-01
5.698391760494256886e-01
5.072503763549962574e-01
5.366624697518596054e-01
4.486429694526978817e-01
4.665675159549302342e-01
3.857793184680373133e-01
5.892828999036642257e-01
5.444954549355968121e-01
5.225360803628311679e-01
4.714006586753279326e-01
4.725830580626417809e-01
4.100551587638203710e-01
4.786282720395867996e-01
5.033230690501460103e-01
5.487903098179262029e-01
5.214399209191795670e-01
4.995651472186622422e-01
5.279811949395865067e-01
5.048532887275061221e-01
5.002875539838260721e-01
4.578127601892158505e-01
4.120278249435688767e-01
3.303465402369410997e-01
5.106295301992335167e-01
4.166425001799438088e-01
4.688154952901890105e-01
5.994367283170022320e-01
6.056287184057597139e-01
6.293896600460192614e-01
4.085004273617020010e-01
4.713459519757223770e-01
5.354938160928625068e-01
4.487290073633127818e-01
5.303091460548235991e-01
6.359307399914655434e-01
5.234946256515429219e-01
3.486188990235848939e-01
5.051695603314165783e-01
5.123306578348043594e-01
3.953315750827525732e-01
4.556762772854560106e-01
5.966094330618889607e-01
5.168779826134700661e-01
5.804698177553000438e-01
5.486264551648024623e-01
5.247857506251123461e-01
4.208401524858329523e-01
5.837806339877327222e-01
6.046269681506328819e-01
5.136555927275563427e-01
5.859278979223833117e-01
5.049405751683108123e-01
5.998831349081031883e-01
4.876147037112498750e-01
4.333557150408946512e-01
4.871596754589742617e-01
5.432545583966209568e-01
5.324453272231406409e-01
6.099777282674726520e-01
4.715444326425966559e-01
4.982038086625316109e-01
5.216913261143519831e-01
5.778103688554209194e-01
5.592046627718124663e-01
5.278294108142430607e-01
4.590304443206512097e-01
5.012659983761453830e-01
6.406307227975828189e-01
5.692696080810641934e-01
4.483949818308566870e-01
7.270840989633839957e-01
5.577948098999311322e-01
5.738707627966711522e-01
6.588108259517371224e-01
5.765966859776997522e-01
5.209269004862001617e-01
5.298319585478186156e-01
6.704181672288979099e-01
5.384169284516523435e-01
5.220112537595726909e-01
4.627813927659240045e-01
7.318845917562173398e-01
5.916665743534710309e-01
5.221349564360626694e-01
6.146973027805869849e-01
5.809285468033442701e-01
5.895402356338828032e-01
4.165679794550486981e-01
6.057167047425489059e-01
6.354293459665746324e-01
5.944710253346185969e-01
6.355953722378404613e-01
4.938859297445967744e-01
5.746328860102710712e-01
6.768002710416836099e-01
5.948339617756340791e-01
5.210002290043971307e-01
6.016779207361973025e-01
6.392959910040841853e-01
6.572081739814276125e-01
4.956132902919061500e-01
5.763164893102870057e-01
4.813682784743912313e-01
4.712270353616781482e-01
4.498830995499754071e-01
4.440179793828128441e-01
4.361252949885659480e-01
4.233217436476444662e-01
5.930313068066541682e-01
4.495737138360522689e-01
5.912560480440137711e-01
5.670703339533834653e-01
4.652247049323421368e-01
3.791402360548307704e-01
5.008153051424276692e-01
3.772707893312826632e-01
7.308998046750305733e-01
6.142791716289817128e-01
3.598474801927277200e-01
3.557540455222752973e-01
4.677172207774568657e-01
5.823381127064493068e-01
5.145727728053921535e-01
5.254559295695861998e-01
4.592883514637889908e-01
4.103170355231061661e-01
5.963095363001519322e-01
5.455045055814378152e-01
6.301772042365302307e-01
4.429283842905848423e-01
5.562338202974546064e-01
4.530096009618937436e-01
3.232351500263203059e-01
2.775712215680674055e-01
4.655421399707918018e-01
5.514678478926771099e-01
4.433437008325387119e-01
5.179078448035143722e-01
4.984052968024673680e-01
3.949312450700722121e-01
5.645558388268376859e-01
5.445584762463382411e-01
5.602338451074904135e-01
5.736336674425852600e-01
5.407173318789770811e-01
4.599168451376477451e-01
5.562721520256286301e-01
4.671713883912579912e-01
4.485500536830852036e-01
4.562996945421856076e-01
5.267218529832599083e-01
4.368693491920347949e-01
5.419924307943455588e-01
5.164243846452942766e-01
4.039567719679721947e-01
4.635571058122366361e-01
4.841725956960427069e-01
5.846933525494180106e-01
5.022014840072820396e-01
5.584563441946832629e-01
5.044658300184204913e-01
5.321370852150656416e-01
5.031716015725561375e-01
4.358826373414765309e-01
4.888096408016978645e-01
4.122273800532750831e-01
5.187602997514408898e-01
4.604898754789725213e-01
6.078817506254201586e-01
5.086067649712564531e-01
4.159796325753045143e-01
7.180864702874997230e-01
4.404881382546460000e-01
3.500192447657942685e-01
4.265288540627867331e-01
5.049138332234422988e-01
4.672896336304332987e-01
3.335746660672669339e-01
3.962291785775531872e-01
5.078082020295019428e-01
3.083531614291724066e-01
4.311383717713359598e-01
3.145355507139848128e-01
4.208058895306764358e-01
4.602528053515702600e-01
4.913811251246718581e-01
6.825112628268883430e-01
4.631812931265764655e-01
4.985252452668515466e-01
4.901168308928542938e-01
6.161096020244338778e-01
6.172402257448404983e-01
5.729953128222189385e-01
3.837295672951075431e-01
4.205500191999059778e-01
3.671358481013132780e-01
4.997673991621380818e-01
4.010480747901847831e-01
4.433921031855957429e-01
3.636686170842868826e-01
4.318402529444460569e-01
4.217890458054998626e-01
4.775051528157989167e-01
3.424365851150037443e-01
5.693694032826618345e-01
5.527279485291107797e-01
6.443294767066074513e-01
6.087248954356330177e-01
4.289790066916863154e-01
5.897136368611768376e-01
4.895467735688226463e-01
4.448189239221793656e-01
3.158142546067005951e-01
4.812973615644656200e-01
6.393001665041132542e-01
4.129634778704442399e-01
5.609454283384680551e-01
4.879963448651253310e-01
6.535890854439935227e-01
5.629615475070415265e-01
4.858495731360155667e-01
5.174495545473495328e-01
3.517905552397865288e-01
6.187922172819757538e-01
4.800214292266098415e-01
5.478177444655574213e-01
6.048235105334884842e-01
4.365893368558438348e-01
3.273983569443569830e-01
4.121892271397609164e-01
5.441214083054487505e-01
5.830297026030826224e-01
4.519762834352165082e-01
5.041432777228039841e-01
4.622530112950128389e-01
5.695327985689629946e-01
6.113897609089777863e-01
5.946304519607441552e-01
6.192320805098551206e-01
4.677386940020001327e-01
3.554765761402066682e-01
3.510820818106749619e-01
4.337587998987871285e-01
5.799392836886460012e-01
3.776267332565681478e-01
4.349611523268819280e-01
4.186779046977886498e-01
4.432030557122227377e-01
4.025605172663055398e-01
6.233508996223425802e-01
3.591601806088239868e-01
3.647314879698410062e-01
4.427284389600935621e-01
3.948094605610747987e-01
4.225856832303048205e-01
4.158635475794020819e-01
4.195920125271098144e-01
7.541816445172032646e-01
6.650193616569232136e-01
4.023709986419158890e-01
4.262372173350253979e-01
3.702924063944562083e-01
4.775531815021251125e-01
5.172809133433959872e-01
4.474103898543982383e-01
4.847979302845445426e-01
4.770565572702974433e-01
5.096786484362839653e-01
6.328427200859279012e-01
6.248771488576606581e-01
4.055878073806607476e-01
4.866238907608740338e-01
5.593173163589508778e-01
5.590235519947339693e-01
4.226362223057308909e-01
4.624877346094839470e-01
4.416114367335347568e-01
3.903051300917564359e-01
5.267044920674605057e-01
4.106836738893809846e-01
4.249764307409653608e-01
4.863944978461642865e-01
5.410352139022353013e-01
4.173338362068786944e-01
5.594737123632412823e-01
3.925696844122884555e-01
5.545512120911759713e-01
3.761364379051538864e-01
4.512523130494206502e-01
4.375529984414429086e-01
5.007862341396076555e-01
4.172744621800504317e-01
5.364516162426529178e-01
4.728886050469816582e-01
5.236976319977201255e-01
6.236386368117637913e-01
4.479101557005526479e-01
4.663049946961005943e-01
6.330389091258774581e-01
4.602915712473312770e-01
6.075223112666907621e-01
5.517564154444681845e-01
4.487402291277753918e-01
4.585900128824930699e-01
5.513245243901894188e-01
5.663295891913671110e-01
