5.000000000000000000e-01
6.666666666666666297e-01
7.500000000000000000e-01
8.000000000000000444e-01
8.333333333333333703e-01
8.571428571428570953e-01
8.750000000000000000e-01
8.888888888888888395e-01
9.000000000000000222e-01
9.090909090909090606e-01
9.166666666666666297e-01
9.230769230769231282e-01
9.285714285714286031e-01
9.333333333333333481e-01
9.375000000000000000e-01
9.411764705882352811e-01
9.444444444444444198e-01
9.473684210526315264e-01
9.499999999999999556e-01
9.523809523809523281e-01
9.545454545454545858e-01
9.565217391304348116e-01
9.583333333333333703e-01
9.599999999999999645e-01
9.615384615384615641e-01
9.629629629629629095e-01
9.642857142857143016e-01
9.655172413793103869e-01
9.666666666666666741e-01
9.677419354838709964e-01
9.635786290322581049e-01
9.646874999999999201e-01
9.654278074866309289e-01
9.664201680672269701e-01
9.670714285714285818e-01
9.676876876876877587e-01
9.685419630156472115e-01
9.690890688259108376e-01
9.696089743589743071e-01
9.703536585365852840e-01
9.710627177700348334e-01
9.717386489479512557e-01
9.721511627906976871e-01
9.727727272727272334e-01
9.733671497584541754e-01
9.739361702127659060e-01
9.742686170212765395e-01
9.747959183673469141e-01
9.753020408163264321e-01
9.757882352941176229e-01
9.760595776772247323e-01
9.763207547169810985e-01
9.767610062893081757e-01
9.769999999999999796e-01
9.772305194805194217e-01
9.776315789473684070e-01
9.780187537810041132e-01
9.783927527761543397e-01
9.787542372881354868e-01
9.791038251366119827e-01
9.794420941300898686e-01
9.797695852534561434e-01
9.800868055555554959e-01
9.803942307692308233e-01
9.805384615384614699e-01
9.808299412030755393e-01
9.809635645302897666e-01
9.812404092071611572e-01
9.813643892339544150e-01
9.816277665995976065e-01
9.818838028169014631e-01
9.819939117199389944e-01
9.822380599777861265e-01
9.823405405405405411e-01
9.824403508771928362e-01
9.825375939849623208e-01
9.827622377622378114e-01
9.829811749432003642e-01
9.830680379746836728e-01
9.831527777777777644e-01
9.832354712436013333e-01
9.833161915956508681e-01
9.835154905335627973e-01
9.835910364145659113e-01
9.836648426812585333e-01
9.838532477947073973e-01
9.839224137931034120e-01
9.839900408580183333e-01
9.841685393258426950e-01
9.843431013431014343e-01
9.845138557095077791e-01
9.845722300140252736e-01
9.846293754289636713e-01
9.847917133258677902e-01
9.848453947368421835e-01
9.850021477663231106e-01
9.851556911424362850e-01
9.853061224489795267e-01
9.854535353535353037e-01
9.854980198019801518e-01
9.855416423995341235e-01
9.856824671616218891e-01
9.858205750560119496e-01
9.858598901098901690e-01
9.858984725965858065e-01
9.859363427966848503e-01
9.860669781931463707e-01
9.861952089704384417e-01
9.862293577981652293e-01
9.862628992628992286e-01
9.863859395109394468e-01
9.865067951959545223e-01
9.866255239869584637e-01
9.866544622425630351e-01
9.866829085457271553e-01
9.867108753315649849e-01
9.868238447052006812e-01
9.869349095570431052e-01
9.869600840336134606e-01
9.869848484848484649e-01
9.870918574718872129e-01
9.871151539384246387e-01
9.872193810647784673e-01
9.873219354838709272e-01
9.874228571428571577e-01
9.874428196475441011e-01
9.874624753937008004e-01
9.875599563953488813e-01
9.875784138342278418e-01
9.876735173223722963e-01
9.877671755725191405e-01
9.878594212804737706e-01
9.879502861631690447e-01
9.880398009950248639e-01
9.880539215686274801e-01
9.880678402747959943e-01
9.881545541098064600e-01
9.881675529141904502e-01
9.881803699897225846e-01
9.881930091185410214e-01
9.882763959644391694e-01
9.883586132177681893e-01
9.883697552447552326e-01
9.884501915708812092e-01
9.884605573925365762e-01
9.885392787251887636e-01
9.886169332597902759e-01
9.886935425358244212e-01
9.887691275167784788e-01
9.887770419426047397e-01
9.888510805158592376e-01
9.889241486068111042e-01
9.889962651727358667e-01
9.890674486803519017e-01
9.891377171215881559e-01
9.891429854646415221e-01
9.891481899540434108e-01
9.891533317411034254e-01
9.891584119496855676e-01
9.892259316770186661e-01
9.892926155969633539e-01
9.893584791335302553e-01
9.894235373335328321e-01
9.894878048780487712e-01
9.894906900328587218e-01
9.895537839982684325e-01
9.896161248930709364e-01
9.896777261200337961e-01
9.897386007657501539e-01
9.897987616099070962e-01
9.897997416020671846e-01
9.898588519962359111e-01
9.899172812437710967e-01
9.899175697865353341e-01
9.899178571428570717e-01
9.899181432973805927e-01
9.899749254110328245e-01
9.900310714958256986e-01
9.900307262569832956e-01
9.900303867403313918e-01
9.900853014388926177e-01
9.901396144838767732e-01
9.901386909004513681e-01
9.901377790834312576e-01
9.901368788142981270e-01
9.901897533206830415e-01
9.902420639435657312e-01
9.902938196555217676e-01
9.902921191868560014e-01
9.903430697161753615e-01
9.903411321989528115e-01
9.903912996545768399e-01
9.904409486672720586e-01
9.904385408406026770e-01
9.904874411302982962e-01
9.905358437791359494e-01
9.905329949238578235e-01
9.905806811836962433e-01
9.906278894472361207e-01
9.906246268656717646e-01
9.906213979606915965e-01
9.906677071648051225e-01
9.906643002028396872e-01
9.906609277857484352e-01
9.906575893914278952e-01
9.907028281975517325e-01
9.906993218134523271e-01
9.907439271255060742e-01
9.907402597402598099e-01
9.907842473482283419e-01
9.907804256460699399e-01
9.907766409779431571e-01
9.907728928085647313e-01
9.907691806129103052e-01
9.908120155038758758e-01
9.908544546850998058e-01
9.908965036147634464e-01
9.909381676511247461e-01
9.909337899543378958e-01
9.909749074454957674e-01
9.909704047939342786e-01
9.910109885670423946e-01
9.910063661114670852e-01
9.910017857142856545e-01
9.909972468043264371e-01
9.910369966083193427e-01
9.910763969394852380e-01
9.911154523864245114e-01
9.911104993354851178e-01
9.911055900621118520e-01
9.911440140319450753e-01
9.911821074441320434e-01
9.912198745460547578e-01
9.912145844699036257e-01
9.912093400649115704e-01
9.912465136236859875e-01
9.912411800163103415e-01
9.912779086530010275e-01
9.912724895397490021e-01
9.912671161825726829e-01
9.912617880045266894e-01
9.912978267523722131e-01
9.913335694528773168e-01
9.913690197390431225e-01
9.914041811846689978e-01
9.914390573055528177e-01
9.914736515606633604e-01
9.914676447726389341e-01
9.915018473895582662e-01
9.915357768924303317e-01
9.915295959021058758e-01
9.915234644582471280e-01
9.915569076592698483e-01
9.915507179249652969e-01
9.915445772058822937e-01
9.915775474221789620e-01
9.916102615147950328e-01
9.916039627667534440e-01
9.915977130977131626e-01
9.915915119363395425e-01
9.915853587201310937e-01
9.915792528952486196e-01
9.916112167300379365e-01
9.916429388221841279e-01
9.916366860547595197e-01
9.916680746810846436e-01
9.916992285762200598e-01
9.917301503634244897e-01
9.917236679058241133e-01
9.917542708760421766e-01
9.917846483611895136e-01
9.918148028442146380e-01
9.918081067351139923e-01
9.918014598540145776e-01
9.917948616600790190e-01
9.918245435044210634e-01
9.918540113757369214e-01
9.918472963564631817e-01
9.918406298003071830e-01
9.918697254702592003e-01
9.918630271825548128e-01
9.918563767135302189e-01
9.918497735529786530e-01
9.918784284655299821e-01
9.919068825910930531e-01
9.919351380326990597e-01
9.919283536585365990e-01
9.919216166858899619e-01
9.919149266197351267e-01
9.919082829719161332e-01
9.919360495221954954e-01
9.919293795876384934e-01
9.919227554503029509e-01
9.919501902455897246e-01
9.919435409986258056e-01
9.919707207207207889e-01
9.919977176688584697e-01
9.919909766335210932e-01
9.920177257525083503e-01
9.920109634551494970e-01
9.920042463312138681e-01
9.920306865123598161e-01
9.920239491054368974e-01
9.920501509922347028e-01
9.920761812921891076e-01
9.920693619467330082e-01
9.920625872498836095e-01
9.920558567645947345e-01
9.920815325190521783e-01
9.920747847733637492e-01
9.920680806331931834e-01
9.920934709592855727e-01
9.921186992531694226e-01
9.921119199272065980e-01
9.921051838456901306e-01
9.921301361657948181e-01
9.921233855127671308e-01
9.921481240511819122e-01
9.921413597178683208e-01
9.921658878504672208e-01
9.921591106983224106e-01
9.921834317250928237e-01
9.922076023391812605e-01
9.922007597340930518e-01
9.921939594148183605e-01
9.921872009906005374e-01
9.921804840754828714e-01
9.921738082882348708e-01
9.921975683890577047e-01
9.922211846562299931e-01
9.922144469115130594e-01
9.922077499185931737e-01
9.922311233389077278e-01
9.922244168379659168e-01
9.922476012793176592e-01
9.922408859686308036e-01
9.922342106649342242e-01
9.922571608105984486e-01
9.922799757070969173e-01
9.922732447817836920e-01
9.922958789936718871e-01
9.922891412203980188e-01
9.922824428774832395e-01
9.922757836198180525e-01
9.922981486135544760e-01
9.923203844680248409e-01
9.923424922985192298e-01
9.923644732075223018e-01
9.923576749897665694e-01
9.923794871794872074e-01
9.923726851851851771e-01
9.923943310584599775e-01
9.924158544197435594e-01
9.924090077186281666e-01
9.924303687292294063e-01
9.924235199697857279e-01
9.924447209051218133e-01
9.924378705591261340e-01
9.924589136490250540e-01
9.924520621729762127e-01
9.924729496028527054e-01
9.924937217478653206e-01
9.924868313504676687e-01
9.924799789251844695e-01
9.925005614192677905e-01
9.924937091466773387e-01
9.925141422817203019e-01
9.925072905620360153e-01
9.925275763568447429e-01
9.925477526043563481e-01
9.925678201895486996e-01
9.925877799878923824e-01
9.926076328654785952e-01
9.926273796791442727e-01
9.926470212765957646e-01
9.926665584965290723e-01
9.926859921687507526e-01
9.926788680878391169e-01
9.926981669212608939e-01
9.926910484873601170e-01
9.927102142336919899e-01
9.927031017183163275e-01
9.927221360966057562e-01
9.927410714285714866e-01
9.927599084852970490e-01
9.927786480298831373e-01
9.927714510242681145e-01
9.927642912039857936e-01
9.927571682815898857e-01
9.927757229982293596e-01
9.927686074429771246e-01
9.927615282754322923e-01
9.927544852171892309e-01
9.927474779926749315e-01
9.927405063291139253e-01
9.927335699564918681e-01
9.927266686075212343e-01
9.927449276457475102e-01
9.927380325814537665e-01
9.927311720698254183e-01
9.927243458517883701e-01
9.927424292927422567e-01
9.927356091688573914e-01
9.927288228822882532e-01
9.927220701818402215e-01
9.927153508187991360e-01
9.927332345714698913e-01
9.927265209262189360e-01
9.927442900590375263e-01
9.927375823393270737e-01
9.927552382302222700e-01
9.927728084816285214e-01
9.927902937151279472e-01
9.927835399569291397e-01
9.928009151992585046e-01
9.928182069728832548e-01
9.928114350624763773e-01
9.928286190633884845e-01
9.928457211046709530e-01
9.928627417712928560e-01
9.928796816426698202e-01
9.928965412927296397e-01
9.928896806280386178e-01
9.929064372918979808e-01
9.928995857497928679e-01
9.928927664346736126e-01
9.929093983234476006e-01
9.929259525521206831e-01
9.929424296633597713e-01
9.929355743808342405e-01
9.929519528228926140e-01
9.929451073475322742e-01
9.929613882355444732e-01
9.929545526775781505e-01
9.929707371085099155e-01
9.929868473537253326e-01
9.929800006269395851e-01
9.929731852175450735e-01
9.929891799544418030e-01
9.930051020408162676e-01
9.929982762335703983e-01
9.929914813642074511e-01
9.929847172228662977e-01
9.930005061241016229e-01
9.929937522043633669e-01
9.929870286213018371e-01
9.929803351709810544e-01
9.929959930798600842e-01
9.930115812917594820e-01
9.930271002710027162e-01
9.930425504777976586e-01
9.930358084744769220e-01
9.930290962841944458e-01
9.930444401413563993e-01
9.930377385772123366e-01
9.930310664516872610e-01
9.930244235712306633e-01
9.930396438051202201e-01
9.930547977645164393e-01
9.930698858813543639e-01
9.930632166098544156e-01
9.930565762531204932e-01
9.930499646235197986e-01
9.930649332591767742e-01
9.930583321796113694e-01
9.930732187003151745e-01
9.930666282325810723e-01
9.930600659705137723e-01
9.930748536950506633e-01
9.930683019379319409e-01
9.930617780416711726e-01
9.930764682696097134e-01
9.930699547729280319e-01
9.930634687985786524e-01
9.930780628040690727e-01
9.930925955287774887e-01
9.930861029972894993e-01
9.931005581712250008e-01
9.930940762004175637e-01
9.931084546084546494e-01
9.931227732680014686e-01
9.931370325507073993e-01
9.931512328251458355e-01
9.931653744568458286e-01
9.931794578083237290e-01
9.931934832391141610e-01
9.931869172248964928e-01
9.931803781554863209e-01
9.931738658653644913e-01
9.931673801903653231e-01
9.931609209676617311e-01
9.931544880357525695e-01
9.931480812344481990e-01
9.931417004048582742e-01
9.931555474095795644e-01
9.931491773219964792e-01
9.931629536253665513e-01
9.931565943131241969e-01
9.931703006012023716e-01
9.931839520958083423e-01
9.931775890450175170e-01
9.931911716949299862e-01
9.932047003692132670e-01
9.932181753889675058e-01
9.932117950925527516e-01
9.932252028907546659e-01
9.932188339623228002e-01
9.932124901381433890e-01
9.932061712700797074e-01
9.932194850542956921e-01
9.932131772871819475e-01
9.932068941885964231e-01
9.932201287914987908e-01
9.932138566733407226e-01
9.932270264167983864e-01
9.932207652977073087e-01
9.932338707870622674e-01
9.932469257035729804e-01
9.932599303394100687e-01
9.932536542152664572e-01
9.932665960685683748e-01
9.932794883628930371e-01
9.932923313823653899e-01
9.932860414394765192e-01
9.932988231033859083e-01
9.933115561936781690e-01
9.933242409867172329e-01
9.933179383628344405e-01
9.933116595926810843e-01
9.933242724656219380e-01
9.933180054656415292e-01
9.933117620505297340e-01
9.933243038134789149e-01
9.933180720361231009e-01
9.933305551680847723e-01
9.933429917451845892e-01
9.933553820273722801e-01
9.933677262726651191e-01
9.933800247371675773e-01
9.933922776750873096e-01
9.933860010503987592e-01
9.933981977941326313e-01
9.933919334308308757e-01
9.933856921208851221e-01
9.933978223611251712e-01
9.934099081905297668e-01
9.934036683168977477e-01
9.933974512384826649e-01
9.933912568306010327e-01
9.933850849694769725e-01
9.933789355322337755e-01
9.933728083968865752e-01
9.933667034423329101e-01
9.933786710898624417e-01
9.933725776135847729e-01
9.933665060770054955e-01
9.933784096832107835e-01
9.933902706445841835e-01
9.933842001022233914e-01
9.933960084033612858e-01
9.934077746271591236e-01
9.934194989981226520e-01
9.934134197498205587e-01
9.934250925751585415e-01
9.934367241001906823e-01
9.934306466991978946e-01
9.934245907544029253e-01
9.934185561523800612e-01
9.934125427805013953e-01
9.934240943865794149e-01
9.934356055503166250e-01
9.934295939662431962e-01
9.934410553903595398e-01
9.934524768974398734e-01
9.934464673913042665e-01
9.934404787694973704e-01
9.934518419458719940e-01
9.934631658210373306e-01
9.934571794413674661e-01
9.934512137218827199e-01
9.934624802597725735e-01
9.934565259677105020e-01
9.934505921191757460e-01
9.934618018967333875e-01
9.934729733671713303e-01
9.934670418800983782e-01
9.934611306191982738e-01
9.934722462839125079e-01
9.934663462921929922e-01
9.934774154693279957e-01
9.934884472035487857e-01
9.934825497926256244e-01
9.934766722878021206e-01
9.934708145884616481e-01
9.934817833173537061e-01
9.934759367306329469e-01
9.934701097460546526e-01
9.934810246732290739e-01
9.934752086811351468e-01
9.934694120909595139e-01
9.934802737408859885e-01
9.934744880249912757e-01
9.934853052617707014e-01
9.934795304033715579e-01
9.934903035758121392e-01
9.935010412079099407e-01
9.935117434752449572e-01
9.935059631838215610e-01
9.935002018896874620e-01
9.935108529419656165e-01
9.935214691441224266e-01
9.935157107976414492e-01
9.935262844663134141e-01
9.935205370620481258e-01
9.935148083623692727e-01
9.935090982761161094e-01
9.935034067127188617e-01
9.935139148119683794e-01
9.935082338839961169e-01
9.935187003272557549e-01
9.935291330754771888e-01
9.935234551206949538e-01
9.935338467712063748e-01
9.935281794871794192e-01
9.935385303514376876e-01
9.935488481587354537e-01
9.935431841038612211e-01
9.935534616669873254e-01
9.935478083125142135e-01
9.935580459336402770e-01
9.935682511183775434e-01
9.935784240206370077e-01
9.935885647933579978e-01
9.935829007178518246e-01
9.935930025256276554e-01
9.936030725788137508e-01
9.935974124397769502e-01
9.936074440372643091e-01
9.936174442488262537e-01
9.936117882215288466e-01
9.936217504774957909e-01
9.936316817100526722e-01
9.936260299643557836e-01
9.936203957821754251e-01
9.936302829577363660e-01
9.936401395342160381e-01
9.936345097029022355e-01
9.936288972588407375e-01
9.936233021216073213e-01
9.936331088266572298e-01
9.936428854146051037e-01
9.936526320239761345e-01
9.936623487924470810e-01
9.936720358568528200e-01
9.936816933531931184e-01
9.936913214166388508e-01
9.937009201815379944e-01
9.937104897814225124e-01
9.937200303490136832e-01
9.937295420162288728e-01
9.937238963211466602e-01
9.937333734330358048e-01
9.937277390103399499e-01
9.937371818099465237e-01
9.937315586262953637e-01
9.937259523391457350e-01
9.937203628724560200e-01
9.937297602105207295e-01
9.937241817816745426e-01
9.937186200146806980e-01
9.937279779646583933e-01
9.937224271209226245e-01
9.937168927826597331e-01
9.937262116716122362e-01
9.937206881437651296e-01
9.937299738666061089e-01
9.937392321668997441e-01
9.937484631659432299e-01
9.937576669843195543e-01
9.937521378595490784e-01
9.937466249822367592e-01
9.937557910374705816e-01
9.937649302612313607e-01
9.937740427711614366e-01
9.937685301440700725e-01
9.937776108571937383e-01
9.937721091026031628e-01
9.937666233503223978e-01
9.937611535306366539e-01
9.937556995742359289e-01
