0.000000000000000000e+00
5.000000000000000000e-01
6.666666666666666297e-01
7.500000000000000000e-01
8.000000000000000444e-01
8.333333333333333703e-01
8.571428571428570953e-01
7.500000000000000000e-01
6.666666666666666297e-01
5.999999999999999778e-01
6.363636363636363535e-01
6.666666666666666297e-01
6.923076923076922906e-01
6.428571428571429047e-01
6.666666666666666297e-01
6.250000000000000000e-01
5.882352941176470784e-01
5.555555555555555802e-01
5.263157894736841813e-01
5.500000000000000444e-01
5.714285714285713969e-01
5.454545454545454142e-01
5.217391304347825942e-01
5.416666666666666297e-01
5.200000000000000178e-01
5.000000000000000000e-01
4.814814814814814548e-01
4.642857142857143016e-01
4.482758620689655249e-01
4.666666666666666741e-01
4.516129032258064391e-01
4.687500000000000000e-01
4.545454545454545303e-01
4.705882352941176405e-01
4.571428571428571286e-01
4.444444444444444198e-01
4.594594594594594850e-01
4.473684210526315819e-01
4.358974358974359031e-01
4.500000000000000111e-01
4.634146341463414864e-01
4.761904761904761640e-01
4.651162790697674354e-01
4.772727272727272929e-01
4.888888888888888729e-01
5.000000000000000000e-01
4.893617021276595591e-01
5.000000000000000000e-01
5.102040816326530726e-01
5.200000000000000178e-01
5.098039215686274161e-01
5.000000000000000000e-01
5.094339622641509413e-01
5.000000000000000000e-01
4.909090909090909061e-01
5.000000000000000000e-01
5.087719298245614308e-01
5.172413793103448620e-01
5.254237288135593653e-01
5.333333333333333259e-01
5.409836065573770947e-01
5.483870967741935054e-01
5.555555555555555802e-01
5.625000000000000000e-01
5.538461538461538769e-01
5.606060606060605522e-01
5.522388059701492935e-01
5.588235294117647189e-01
5.507246376811594235e-01
5.571428571428571619e-01
5.633802816901408717e-01
5.555555555555555802e-01
5.616438356164383805e-01
5.540540540540540571e-01
5.466666666666666341e-01
5.394736842105263275e-01
5.454545454545454142e-01
5.512820512820513219e-01
5.443037974683544444e-01
5.374999999999999778e-01
5.308641975308642236e-01
5.243902439024390461e-01
5.301204819277108848e-01
5.238095238095238360e-01
5.176470588235294601e-01
5.232558139534884134e-01
5.172413793103448620e-01
5.113636363636363535e-01
5.168539325842697041e-01
5.222222222222222543e-01
5.274725274725274859e-01
5.217391304347825942e-01
5.161290322580645018e-01
5.212765957446808818e-01
5.157894736842105754e-01
5.208333333333333703e-01
5.257731958762886793e-01
5.306122448979592177e-01
5.353535353535353591e-01
5.300000000000000266e-01
5.247524752475247745e-01
5.294117647058823595e-01
5.339805825242718296e-01
5.288461538461538547e-01
5.238095238095238360e-01
5.188679245283018826e-01
5.233644859813083583e-01
5.277777777777777901e-01
5.229357798165137350e-01
5.181818181818181879e-01
5.225225225225225145e-01
5.267857142857143016e-01
5.309734513274336765e-01
5.263157894736841813e-01
5.217391304347825942e-01
5.172413793103448620e-01
5.213675213675214026e-01
5.254237288135593653e-01
5.210084033613445742e-01
5.166666666666667185e-01
5.206611570247934306e-01
5.163934426229508379e-01
5.203252032520325754e-01
5.241935483870967527e-01
5.280000000000000249e-01
5.238095238095238360e-01
5.196850393700787052e-01
5.234375000000000000e-01
5.193798449612403445e-01
5.230769230769231060e-01
5.267175572519083859e-01
5.303030303030302761e-01
5.338345864661654394e-01
5.373134328358208922e-01
5.333333333333333259e-01
5.294117647058823595e-01
5.328467153284671687e-01
5.289855072463768293e-01
5.251798561151078681e-01
5.214285714285714635e-01
5.248226950354609732e-01
5.281690140845070047e-01
5.244755244755244794e-01
5.277777777777777901e-01
5.241379310344828069e-01
5.273972602739726012e-01
5.306122448979592177e-01
5.337837837837837718e-01
5.369127516778523512e-01
5.333333333333333259e-01
5.364238410596026130e-01
5.394736842105263275e-01
5.424836601307189143e-01
5.454545454545454142e-01
5.483870967741935054e-01
5.448717948717948234e-01
5.414012738853503093e-01
5.379746835443037778e-01
5.345911949685534514e-01
5.374999999999999778e-01
5.403726708074534368e-01
5.432098765432098464e-01
5.460122699386502632e-01
5.487804878048780921e-01
5.454545454545454142e-01
5.481927710843373935e-01
5.508982035928143839e-01
5.535714285714286031e-01
5.562130177514792440e-01
5.588235294117647189e-01
5.555555555555555802e-01
5.581395348837209225e-01
5.606936416184971073e-01
5.574712643678161328e-01
5.542857142857142705e-01
5.511363636363636465e-01
5.536723163841807960e-01
5.561797752808989026e-01
5.530726256983240496e-01
5.500000000000000444e-01
5.524861878453038999e-01
5.549450549450549719e-01
5.519125683060108756e-01
5.489130434782608647e-01
5.459459459459459207e-01
5.483870967741935054e-01
5.508021390374331361e-01
5.531914893617021489e-01
5.502645502645502340e-01
5.526315789473684736e-01
5.497382198952879273e-01
5.520833333333333703e-01
5.544041450777201785e-01
5.515463917525773585e-01
5.538461538461538769e-01
5.561224489795918435e-01
5.532994923857867953e-01
5.555555555555555802e-01
5.577889447236180631e-01
5.550000000000000488e-01
5.522388059701492935e-01
5.544554455445545038e-01
5.517241379310344751e-01
5.490196078431373028e-01
5.463414634146341875e-01
5.485436893203883280e-01
5.458937198067632668e-01
5.480769230769231282e-01
5.454545454545454142e-01
5.476190476190476719e-01
5.450236966824644202e-01
5.424528301886792914e-01
5.399061032863849974e-01
5.373831775700934621e-01
5.395348837209302806e-01
5.416666666666666297e-01
5.437788018433179493e-01
5.458715596330274700e-01
5.433789954337899797e-01
5.454545454545454142e-01
5.429864253393664741e-01
5.450450450450450290e-01
5.426008968609865590e-01
5.401785714285713969e-01
5.377777777777777990e-01
5.398230088495574730e-01
5.418502202643171728e-01
5.438596491228070429e-01
5.414847161572052814e-01
5.391304347826086918e-01
5.411255411255411207e-01
5.431034482758620996e-01
5.450643776824034559e-01
5.427350427350426942e-01
5.404255319148936199e-01
5.423728813559322015e-01
5.400843881856539630e-01
5.420168067226890374e-01
5.397489539748954179e-01
5.374999999999999778e-01
5.352697095435684504e-01
5.371900826446280863e-01
5.390946502057613055e-01
5.409836065573770947e-01
5.428571428571428159e-01
5.447154471544715104e-01
5.465587044534413463e-01
5.443548387096773800e-01
5.461847389558233123e-01
5.480000000000000426e-01
5.458167330677290430e-01
5.436507936507936067e-01
5.454545454545454142e-01
5.433070866141732624e-01
5.411764705882352589e-01
5.429687500000000000e-01
5.447470817120622089e-01
5.426356589147286469e-01
5.405405405405405705e-01
5.384615384615384359e-01
5.363984674329501656e-01
5.343511450381679406e-01
5.361216730038023126e-01
5.378787878787878451e-01
5.358490566037735769e-01
5.375939849624060685e-01
5.393258426966291985e-01
5.410447761194029370e-01
5.390334572490705911e-01
5.407407407407407440e-01
5.424354243542435228e-01
5.441176470588234837e-01
5.421245421245420859e-01
5.401459854014598605e-01
5.381818181818182056e-01
5.398550724637680709e-01
5.415162454873646558e-01
5.395683453237409832e-01
5.376344086021505042e-01
5.392857142857142572e-01
5.373665480427046726e-01
5.354609929078014696e-01
5.335689045936395924e-01
5.352112676056337559e-01
5.368421052631578982e-01
5.384615384615384359e-01
5.365853658536585691e-01
5.347222222222222099e-01
5.328719723183390489e-01
5.310344827586206407e-01
5.326460481099656308e-01
5.308219178082191902e-01
5.290102389078498168e-01
5.306122448979592177e-01
5.288135593220338881e-01
5.304054054054053724e-01
5.319865319865320075e-01
5.302013422818792066e-01
5.317725752508360992e-01
5.300000000000000266e-01
5.282392026578073274e-01
5.298013245033112995e-01
5.280528052805280037e-01
5.296052631578946901e-01
5.311475409836065031e-01
5.294117647058823595e-01
5.276872964169381230e-01
5.259740259740259827e-01
5.275080906148866822e-01
5.258064516129031807e-01
5.241157556270096274e-01
5.256410256410256610e-01
5.271565495207667373e-01
5.254777070063694211e-01
5.238095238095238360e-01
5.253164556962025555e-01
5.236593059936908157e-01
5.251572327044025101e-01
5.235109717868338119e-01
5.250000000000000222e-01
5.233644859813083583e-01
5.248447204968944568e-01
5.263157894736841813e-01
5.246913580246913567e-01
5.230769230769231060e-01
5.214723926380367969e-01
5.198776758409785481e-01
5.182926829268292845e-01
5.197568389057750649e-01
5.212121212121212377e-01
5.196374622356495498e-01
5.180722891566265087e-01
5.195195195195194682e-01
5.179640718562874557e-01
5.194029850746268995e-01
5.178571428571429047e-01
5.163204747774480241e-01
5.177514792899408080e-01
5.191740412979350960e-01
5.176470588235294601e-01
5.190615835777125930e-01
5.175438596491228616e-01
5.160349854227405109e-01
5.145348837209302584e-01
5.159420289855072284e-01
5.173410404624277925e-01
5.187319884726224739e-01
5.201149425287355799e-01
5.186246418338108510e-01
5.200000000000000178e-01
5.185185185185184897e-01
5.198863636363636465e-01
5.212464589235127344e-01
5.197740112994350126e-01
5.211267605633802535e-01
5.196629213483145993e-01
5.210084033613445742e-01
5.195530726256982756e-01
5.208913649025069814e-01
5.194444444444444864e-01
5.207756232686980846e-01
5.220994475138122093e-01
5.206611570247934306e-01
5.192307692307692735e-01
5.205479452054794232e-01
5.191256830601093109e-01
5.204359673024523403e-01
5.190217391304348116e-01
5.203252032520325754e-01
5.216216216216216228e-01
5.229110512129380162e-01
5.241935483870967527e-01
5.254691689008043065e-01
5.267379679144384985e-01
5.280000000000000249e-01
5.292553191489361986e-01
5.305039787798409012e-01
5.291005291005290712e-01
5.303430079155673216e-01
5.289473684210526105e-01
5.301837270341207553e-01
5.287958115183245544e-01
5.300261096605743960e-01
5.312500000000000000e-01
5.324675324675324228e-01
5.336787564766839465e-01
5.322997416020671668e-01
5.309278350515463929e-01
5.295629820051414027e-01
5.307692307692307709e-01
5.294117647058823595e-01
5.280612244897958663e-01
5.267175572519083859e-01
5.253807106598984422e-01
5.240506329113924222e-01
5.227272727272727071e-01
5.214105793450881654e-01
5.226130653266332082e-01
5.213032581453633796e-01
5.200000000000000178e-01
5.187032418952618462e-01
5.199004975124378314e-01
5.186104218362282969e-01
5.173267326732673421e-01
5.160493827160493874e-01
5.147783251231526913e-01
5.159705159705160193e-01
5.147058823529411242e-01
5.158924205378973005e-01
5.146341463414634276e-01
5.158150851581508878e-01
5.169902912621359148e-01
5.181598062953994832e-01
5.169082125603864375e-01
5.180722891566265087e-01
5.192307692307692735e-01
5.179856115107913661e-01
5.191387559808612329e-01
5.202863961813842808e-01
5.214285714285714635e-01
5.225653206650830995e-01
5.236966824644549989e-01
5.224586288416075419e-01
5.235849056603774088e-01
5.223529411764705754e-01
5.211267605633802535e-01
5.222482435597189943e-01
5.233644859813083583e-01
5.244755244755244794e-01
5.232558139534884134e-01
5.243619489559164792e-01
5.231481481481481399e-01
5.242494226327945039e-01
5.230414746543778914e-01
5.241379310344828069e-01
5.252293577981651529e-01
5.240274599542333878e-01
5.228310502283105565e-01
5.239179954441913756e-01
5.250000000000000222e-01
5.238095238095238360e-01
5.226244343891403021e-01
5.214446952595936935e-01
5.225225225225225145e-01
5.213483146067415808e-01
5.201793721973093643e-01
5.190156599552572247e-01
5.200892857142856984e-01
5.211581291759465051e-01
5.222222222222222543e-01
5.232815964523281904e-01
5.221238938053097689e-01
5.209713024282560667e-01
5.220264317180616231e-01
5.208791208791209160e-01
5.197368421052631637e-01
5.185995623632385643e-01
5.196506550218340514e-01
5.206971677559912859e-01
5.217391304347825942e-01
5.206073752711496416e-01
5.194805194805194315e-01
5.183585313174946529e-01
5.193965517241379004e-01
5.182795698924731465e-01
5.193133047210299891e-01
5.182012847965739022e-01
5.170940170940171443e-01
5.181236673773986778e-01
5.170212765957447054e-01
5.159235668789808882e-01
5.169491525423728362e-01
5.158562367864693021e-01
5.147679324894515185e-01
5.157894736842105754e-01
5.168067226890756816e-01
5.157232704402515688e-01
5.167364016736402110e-01
5.156576200417536393e-01
5.166666666666667185e-01
5.176715176715176447e-01
5.186721991701245260e-01
5.196687370600413525e-01
5.206611570247934306e-01
5.216494845360825083e-01
5.226337448559670307e-01
5.215605749486652565e-01
5.204918032786884918e-01
5.194274028629857209e-01
5.183673469387755084e-01
5.173116089613034596e-01
5.162601626016259937e-01
5.152129817444218718e-01
5.141700404858299267e-01
5.151515151515151381e-01
5.141129032258064946e-01
5.150905432595573874e-01
5.140562248995983463e-01
5.150300601202404405e-01
5.160000000000000142e-01
5.149700598802394724e-01
5.159362549800796671e-01
5.168986083499006456e-01
5.178571428571429047e-01
5.168316831683168466e-01
5.177865612648221427e-01
5.167652859960552014e-01
5.157480314960629642e-01
5.147347740667976845e-01
5.156862745098039769e-01
5.146771037181996356e-01
5.136718750000000000e-01
5.146198830409356439e-01
5.136186770428015080e-01
5.145631067961164984e-01
5.135658914728682412e-01
5.145067698259188083e-01
5.154440154440154132e-01
5.163776493256262423e-01
5.153846153846153300e-01
5.163147792706334060e-01
5.172413793103448620e-01
5.181644359464626648e-01
5.171755725190839703e-01
5.180952380952380532e-01
5.190114068441065154e-01
5.199240986717267310e-01
5.189393939393939226e-01
5.179584120982986262e-01
5.188679245283018826e-01
5.178907721280602283e-01
5.169172932330826642e-01
5.178236397748592346e-01
5.168539325842697041e-01
5.177570093457943834e-01
5.186567164179104461e-01
5.195530726256982756e-01
5.204460966542751033e-01
5.213358070500927477e-01
5.222222222222222543e-01
5.212569316081331339e-01
5.221402214022140553e-01
5.211786372007366497e-01
5.202205882352941568e-01
5.211009174311926895e-01
5.219780219780220110e-01
5.210237659963437018e-01
5.200729927007299302e-01
5.191256830601093109e-01
5.181818181818181879e-01
5.172413793103448620e-01
5.163043478260869179e-01
5.153707052441229841e-01
5.162454873646209474e-01
5.153153153153152699e-01
5.143884892086331151e-01
5.152603231597845390e-01
5.161290322580645018e-01
5.152057245080501335e-01
5.160714285714286254e-01
5.169340463458110824e-01
5.177935943060498758e-01
5.168738898756660705e-01
5.177304964539006793e-01
5.185840707964601837e-01
5.176678445229682124e-01
5.167548500881834483e-01
5.158450704225352457e-01
5.149384885764498598e-01
5.157894736842105754e-01
5.166374781085814050e-01
5.157342657342657288e-01
5.165794066317626054e-01
5.174216027874564139e-01
5.165217391304347538e-01
5.156250000000000000e-01
5.164644714038127971e-01
5.173010380622837801e-01
5.164075993091536976e-01
5.155172413793103203e-01
5.163511187607573438e-01
5.154639175257731409e-01
5.145797598627787073e-01
5.154109589041095951e-01
5.162393162393162926e-01
5.153583617747440337e-01
5.144804088586030222e-01
5.153061224489795533e-01
5.144312393887945367e-01
5.152542372881355748e-01
5.160744500846023985e-01
5.152027027027027417e-01
5.143338954468802404e-01
5.134680134680135177e-01
5.142857142857142350e-01
5.134228187919462894e-01
5.125628140703517577e-01
5.133779264214046734e-01
5.125208681135224875e-01
5.116666666666667140e-01
5.124792013311147976e-01
5.116279069767442067e-01
5.124378109452736307e-01
5.115894039735099375e-01
5.123966942148759918e-01
5.132013201320132501e-01
5.140032948929159629e-01
5.131578947368421462e-01
5.123152709359606316e-01
5.131147540983606037e-01
5.139116202945990253e-01
5.130718954248365549e-01
5.138662316476345637e-01
5.130293159609120579e-01
5.121951219512195230e-01
5.113636363636363535e-01
5.105348460291734281e-01
5.113268608414239802e-01
5.105008077544426204e-01
5.112903225806451069e-01
5.120772946859903918e-01
5.112540192926045002e-01
5.120385232744782966e-01
5.112179487179486781e-01
5.120000000000000107e-01
5.127795527156550071e-01
5.119617224880382844e-01
5.127388535031847105e-01
5.119236883942765992e-01
5.126984126984126533e-01
5.134706814580031198e-01
5.142405063291138889e-01
5.150078988941547697e-01
5.141955835962145338e-01
5.149606299212597937e-01
5.157232704402515688e-01
5.149136577708006701e-01
5.156739811912225413e-01
5.164319248826291231e-01
5.156250000000000000e-01
5.163806552262090177e-01
5.171339563862927813e-01
5.163297045101088445e-01
5.155279503105589800e-01
5.162790697674418672e-01
5.170278637770897578e-01
5.162287480680062268e-01
5.154320987654320563e-01
5.146379044684129545e-01
5.153846153846153300e-01
5.161290322580645018e-01
5.168711656441717928e-01
5.176110260336906910e-01
5.183486238532110102e-01
5.190839694656488312e-01
5.198170731707316694e-01
5.205479452054794232e-01
5.212765957446808818e-01
5.220030349013656812e-01
5.227272727272727071e-01
5.219364599092284340e-01
5.226586102719033011e-01
5.218702865761689624e-01
5.225903614457830804e-01
5.218045112781954931e-01
5.210210210210209913e-01
5.202398800599700168e-01
5.209580838323353280e-01
5.201793721973093643e-01
5.194029850746268995e-01
5.201192250372578263e-01
5.193452380952381375e-01
5.185735512630015309e-01
5.192878338278932304e-01
5.185185185185184897e-01
5.192307692307692735e-01
5.199409158050221080e-01
5.206489675516223770e-01
5.213549337260677818e-01
5.205882352941176849e-01
5.198237885462555496e-01
5.205278592375366387e-01
5.212298682284041140e-01
5.219298245614034659e-01
5.211678832116788396e-01
5.218658892128279492e-01
5.211062590975255038e-01
5.203488372093023617e-01
5.195936139332365533e-01
5.188405797101449668e-01
