2.500000000000000000e-01
2.512152288251903176e-01
3.141844920478665815e-01
3.018077019434520780e-01
3.215312436099820870e-01
3.225352524306189239e-01
3.221271734112118312e-01
3.076659860545496450e-01
2.966549206256259841e-01
2.829531051295084976e-01
2.898841716312716699e-01
2.990376007480821108e-01
2.987907633330361690e-01
2.913357247349722678e-01
3.078357624695891581e-01
2.994466989731887629e-01
2.949787094409699884e-01
2.870909950169250324e-01
2.850225819230472468e-01
2.879717103110345788e-01
2.869632300020784066e-01
2.826866483650895545e-01
2.769246138425816017e-01
2.818040212729286398e-01
2.782520582342648541e-01
2.750949379280961948e-01
2.740825482595102836e-01
2.710048474770055393e-01
2.679874139930014110e-01
2.677726429267614505e-01
2.655682625291447274e-01
2.709025983705812823e-01
2.654460538420702620e-01
2.669959394044751355e-01
2.627548940831896940e-01
2.579606744436400700e-01
2.588377724360406140e-01
2.565293865148467467e-01
2.545347716490388712e-01
2.572491131094468697e-01
2.573362951737404036e-01
2.575503705734752402e-01
2.567955131747453601e-01
2.652600665065933949e-01
2.651189736460944912e-01
2.675997958956993217e-01
2.654384112251200190e-01
2.670361424713152410e-01
2.681233467087011380e-01
2.696973043693296490e-01
2.681429161369793257e-01
2.677416206374247931e-01
2.682358008325734788e-01
2.676255757610550567e-01
2.666899397950954209e-01
2.671139029636514506e-01
2.688488063531431216e-01
2.691789698528129771e-01
2.708262846401575108e-01
2.734613248362123272e-01
2.746371178433393845e-01
2.754984672704767767e-01
2.751554015248505736e-01
2.751656662179868817e-01
2.739818818302816039e-01
2.747147443440590142e-01
2.734062647808549462e-01
2.733467600406184195e-01
2.724610784687823140e-01
2.726111317748877716e-01
2.734400982341246289e-01
2.727147845322047126e-01
2.730333426989014489e-01
2.723585254253496624e-01
2.717302401142014379e-01
2.708795850738522359e-01
2.709896113780971283e-01
2.711361171886521593e-01
2.707658802864882364e-01
2.700289190506215964e-01
2.694741265343444381e-01
2.687534626053321163e-01
2.694519473170105539e-01
2.687113515770971905e-01
2.682179031148277382e-01
2.684972455108002864e-01
2.678600736219088896e-01
2.672771284356320609e-01
2.675701361414896118e-01
2.677839534632900920e-01
2.679627801355733974e-01
2.673440864962898789e-01
2.666507212687237449e-01
2.669473455477373025e-01
2.662936176989083581e-01
2.664056398383143898e-01
2.668311880799479341e-01
2.668372613020064121e-01
2.671655748863993596e-01
2.663349998472099300e-01
2.657621217947400694e-01
2.656364372133180884e-01
2.662837524207769535e-01
2.660898678091365155e-01
2.658734796552565394e-01
2.650937305419612811e-01
2.651159852120502092e-01
2.654782707138469977e-01
2.652413282261864569e-01
2.649631687630552568e-01
2.654523974979149936e-01
2.657785109740972151e-01
2.658407194474464719e-01
2.651925548812757993e-01
2.649070724238783425e-01
2.645121530478117267e-01
2.644140568163537708e-01
2.643480673117547530e-01
2.637280279470270994e-01
2.631499425226550559e-01
2.633693562022156875e-01
2.631453843199941800e-01
2.635678479883302727e-01
2.640356591538566278e-01
2.642735790985403788e-01
2.640677407883610939e-01
2.638992211005196653e-01
2.640418972611780490e-01
2.637352158863542906e-01
2.637156403472685207e-01
2.637640485383555000e-01
2.643476782854599638e-01
2.648286078851385117e-01
2.650361069792710467e-01
2.648776997864689120e-01
2.645968233307364192e-01
2.645975192073415916e-01
2.641958647383202963e-01
2.639408039651014448e-01
2.635444234041245948e-01
2.638424985564667979e-01
2.644126916486295165e-01
2.640743760738605284e-01
2.642230873774351618e-01
2.638694966677295750e-01
2.644964130387344459e-01
2.646236694486649998e-01
2.647151987374955495e-01
2.647467925768514085e-01
2.641909082976847123e-01
2.642799760333143788e-01
2.643392733194080968e-01
2.644203545907867214e-01
2.646657188983106979e-01
2.647913127868868899e-01
2.646150558883582082e-01
2.640884828189126732e-01
2.636705091379190624e-01
2.635542630295513167e-01
2.640867876508018464e-01
2.640643519382454008e-01
2.640719102648827477e-01
2.640821726618510223e-01
2.640343268739151483e-01
2.637912669524821174e-01
2.637947705198765980e-01
2.643690466265585792e-01
2.643960309958161559e-01
2.643879596507126561e-01
2.647186029040101141e-01
2.645764374868978530e-01
2.646255692983910390e-01
2.645513031629537770e-01
2.644085032959901382e-01
2.642465398830598500e-01
2.640576180327318667e-01
2.641515609771696305e-01
2.642387637439704284e-01
2.639571618330949776e-01
2.636092361465813272e-01
2.638972222684777269e-01
2.643017766950599978e-01
2.641067841991491250e-01
2.639108328622491451e-01
2.637688049808937785e-01
2.640513626775248812e-01
2.641866149867587721e-01
2.641176802910967236e-01
2.638974167158331663e-01
2.640044257441113706e-01
2.637756291753183824e-01
2.640594420706941503e-01
2.642899010134251991e-01
2.640454777694109523e-01
2.642634395088395705e-01
2.644499603728773240e-01
2.642050186791047306e-01
2.642094024634710214e-01
2.642772357009585127e-01
2.641673861821905445e-01
2.640137833472200324e-01
2.640216623543639729e-01
2.638229807064529919e-01
2.636031601439037808e-01
2.634394574334634753e-01
2.636554539504856742e-01
2.634432343234848206e-01
2.634267324203654059e-01
2.631345756472024955e-01
2.632857227610415629e-01
2.630651927608548268e-01
2.625645742645192904e-01
2.623908448906164259e-01
2.621042182904003148e-01
2.624119314866287245e-01
2.625096498388426736e-01
2.624802658599917904e-01
2.626143443365376307e-01
2.624429332512913660e-01
2.623980299306692410e-01
2.623146403531342319e-01
2.625005959411221834e-01
2.623344324445274212e-01
2.622398791065794765e-01
2.619476249695080194e-01
2.620271842344674695e-01
2.621256633413805992e-01
2.625142116994756969e-01
2.623876911265223821e-01
2.621537729309837972e-01
2.621246723094068365e-01
2.621758054665194737e-01
2.622914489669949112e-01
2.618375663640482576e-01
2.615272538088095344e-01
2.617880202038477266e-01
2.617252478898761114e-01
2.616808384640406104e-01
2.615001412624995414e-01
2.612925416820778279e-01
2.611246827451235708e-01
2.611118744749880149e-01
2.610786881843726870e-01
2.610675922488060463e-01
2.612528443720731897e-01
2.613998408185796429e-01
2.615492370636778308e-01
2.611467280608827934e-01
2.612769863477352739e-01
2.614192861294989401e-01
2.611683544371751764e-01
2.607372880914902713e-01
2.608570199696779168e-01
2.606457336476629694e-01
2.605020063950420073e-01
2.604998630503416179e-01
2.605899204667491142e-01
2.605421795236168570e-01
2.604528724510518090e-01
2.602323241411670929e-01
2.600229114344054793e-01
2.599331289532974543e-01
2.602203918988313935e-01
2.604150258057785772e-01
2.603588114348801552e-01
2.603627765185356768e-01
2.606236816182260774e-01
2.608099414161977880e-01
2.606747948320021213e-01
2.607661650596954650e-01
2.607492990764839758e-01
2.607365216141938058e-01
2.606162886847077087e-01
2.602901006298273812e-01
2.600956178352000769e-01
2.601511640660280622e-01
2.606463302893845535e-01
2.605011711228392701e-01
2.601406903850791430e-01
2.602243013173920483e-01
2.601719074910255336e-01
2.599517391203863270e-01
2.595249190325370492e-01
2.596148307038187442e-01
2.595953791276781608e-01
2.601659316054259485e-01
2.596709132835308687e-01
2.590853221848353205e-01
2.586840122220021576e-01
2.581524651113680791e-01
2.585834678655766217e-01
2.582827107653659637e-01
2.579552119330689730e-01
2.585449328317669937e-01
2.580299146899093787e-01
2.585412424075902993e-01
2.590125606976836914e-01
2.588621446128334669e-01
2.593072373185793533e-01
2.591585561626564282e-01
2.588848701276868502e-01
2.590884835014113374e-01
2.588410693504309412e-01
2.589924839713064197e-01
2.590717925528798204e-01
2.586211483475768791e-01
2.584319440201154339e-01
2.582570433526676368e-01
2.584537485263751488e-01
2.581612428919578539e-01
2.580409179561009014e-01
2.580621673315210418e-01
2.583846410197112586e-01
2.578554826047848025e-01
2.573531941486610353e-01
2.577773668183535594e-01
2.573850182423605415e-01
2.576537304202081713e-01
2.574681780434841527e-01
2.577748860449387558e-01
2.575972750662121058e-01
2.576705477429664937e-01
2.577271174110870589e-01
2.575940766272946103e-01
2.574535311965533424e-01
2.572007800112642850e-01
2.571599307071308349e-01
2.570282107130030802e-01
2.570129245924703820e-01
2.571999152635673913e-01
2.568593801607668148e-01
2.565986255095944468e-01
2.569917157847096956e-01
2.568741316171280764e-01
2.570979279115956362e-01
2.568586006465211624e-01
2.564640687623813697e-01
2.570636548325699322e-01
2.574802611660237939e-01
2.571616876067696067e-01
2.571717925989377984e-01
2.569036663855968627e-01
2.567253447568162983e-01
2.564283314879225451e-01
2.564768370877817394e-01
2.570497968044321846e-01
2.572107432038839847e-01
2.576784404569020248e-01
2.575288569141681583e-01
2.575129761461055766e-01
2.572137058013583832e-01
2.572788226718288884e-01
2.576881907967698560e-01
2.576432810373515681e-01
2.576437738030518676e-01
2.574984541821247475e-01
2.579415446030008940e-01
2.578912451687992990e-01
2.583650166938848414e-01
2.581963392293126214e-01
2.586641791245117838e-01
2.588234526908307354e-01
2.584622462567147116e-01
2.582489687859414462e-01
2.583474634072309706e-01
2.582260807300219563e-01
2.582142973124785246e-01
2.581460906243385756e-01
2.581574507717097622e-01
2.581519894159942652e-01
2.583994957818387950e-01
2.586864239494489626e-01
2.588047435981485900e-01
2.589653054035737090e-01
2.590772524389617359e-01
2.591241849772589756e-01
2.592338061677240679e-01
2.590832533230023049e-01
2.591851900215983440e-01
2.591059352309701969e-01
2.592709203125685424e-01
2.592061537216580058e-01
2.592110567218122164e-01
2.594791076534887497e-01
2.596517180929152624e-01
2.596298433547361006e-01
2.595135283650785718e-01
2.593683637183170076e-01
2.592572143363617854e-01
2.595403406770036558e-01
2.593170868343602220e-01
2.591996827909668344e-01
2.591191036300680151e-01
2.590183443317353174e-01
2.589441228765432257e-01
2.587260379927462939e-01
2.586464925053207908e-01
2.586369251879336861e-01
2.585120620868349706e-01
2.584298365273958176e-01
2.584017513918780429e-01
2.584557421678935207e-01
2.584329494073165923e-01
2.584065442956921532e-01
2.582961508671370865e-01
2.580802049601932380e-01
2.585472595121156014e-01
2.585005070580938535e-01
2.586984716102765924e-01
2.586057709442628472e-01
2.588505244270782324e-01
2.590988951788857908e-01
2.594211508087188034e-01
2.592104626482919505e-01
2.592752807341160426e-01
2.593356581718845866e-01
2.592021279612072293e-01
2.592469735796353314e-01
2.595785633552540883e-01
2.596261473840212886e-01
2.600176038344754748e-01
2.600233021388489996e-01
2.599688890029834831e-01
2.602037986824594085e-01
2.600867206250208619e-01
2.598720786611871114e-01
2.598857431189143252e-01
2.600695250871112307e-01
2.601622795959568912e-01
2.600821626927093400e-01
2.602387258841015183e-01
2.600366276496332008e-01
2.602772892746103017e-01
2.602184455514781614e-01
2.604031162084304851e-01
2.603897605618302191e-01
2.601696806301366238e-01
2.601206993319075678e-01
2.602476399523419581e-01
2.602493754560844530e-01
2.601210667733519499e-01
2.600251876534074302e-01
2.597898013830388098e-01
2.598315046295605613e-01
2.598058991230883241e-01
2.597288098716366567e-01
2.595287430991162769e-01
2.596499963796113364e-01
2.596928692174262365e-01
2.597610615551589897e-01
2.597511154640707587e-01
2.594643098884878429e-01
2.592811797769519200e-01
2.593675800383803964e-01
2.589657506594648662e-01
2.588247567690373785e-01
2.586497863620246807e-01
2.590265921800510296e-01
2.591886353511022034e-01
2.592037754439378006e-01
2.591174580929150317e-01
2.587989401617129537e-01
2.586993466136470743e-01
2.587152311610866895e-01
2.586257886518403271e-01
2.592286863869117108e-01
2.590346068564405857e-01
2.589641889796746033e-01
2.592178151702456135e-01
2.590491582353969813e-01
2.588626127294056944e-01
2.590328740985515243e-01
2.588106415058272769e-01
2.585549214688665498e-01
2.587657898947424706e-01
2.590800912554927504e-01
2.590485789871192490e-01
2.591892814127749189e-01
2.588693099461203961e-01
2.590619880189121704e-01
2.590839812676407616e-01
2.592877564632368181e-01
2.596071108725872545e-01
2.599493751661626773e-01
2.599356991475821332e-01
2.600878362828450974e-01
2.600319076541200425e-01
2.599501328784089016e-01
2.598316286713421852e-01
2.597117188181313763e-01
2.595714074473958188e-01
2.594083419253178091e-01
2.592181322720670811e-01
2.590960047068275318e-01
2.592822043051406511e-01
2.591281280846209900e-01
2.591784150990062985e-01
2.589519455831689743e-01
2.589422439380397734e-01
2.592058261854139900e-01
2.588430011575599821e-01
2.590679696836157841e-01
2.593617000968955200e-01
2.596680422970388258e-01
2.595803748958634416e-01
2.597295011870783821e-01
2.596909947041450839e-01
2.596304340501385810e-01
2.595352803001712561e-01
2.597069160847320091e-01
2.595153545281604912e-01
2.594204420438905867e-01
2.596877615673243711e-01
2.595658244642076173e-01
2.596512293864690624e-01
2.595443743959460758e-01
2.599334917640924170e-01
2.604374659560013128e-01
2.604851435699300777e-01
2.603717428608802176e-01
2.604587264159149984e-01
2.604679064860721538e-01
2.604528126623686934e-01
2.602515321882532540e-01
2.603583211958079291e-01
2.604309673211623877e-01
2.605270831366663931e-01
2.603717500903019455e-01
2.602778875507292811e-01
2.603327406336225502e-01
2.602138790210449804e-01
2.601425052998797005e-01
2.602222387482285848e-01
2.601295071894206279e-01
2.601613733869964085e-01
2.602636298918449276e-01
2.603247336939417123e-01
2.603384289436472265e-01
2.605161713064244045e-01
2.605637409397623117e-01
2.605172277895800859e-01
2.606552575500906688e-01
2.606265299502384392e-01
2.605044048634523879e-01
2.604947050846463941e-01
2.605404659063210726e-01
2.605162441298697340e-01
2.603925139886637541e-01
2.603556125238825070e-01
2.601862100729190330e-01
2.601284964040421199e-01
2.600481225245284134e-01
2.598520695342707576e-01
2.598415297778656208e-01
2.596861930765008153e-01
2.593684718413373780e-01
2.594647246921109041e-01
2.597554014761260799e-01
2.596154308225295804e-01
2.596089796299407837e-01
2.596507053866137782e-01
2.599722075025504009e-01
2.597908415814356720e-01
2.597887143320801728e-01
2.601810413960342627e-01
2.600537742534677066e-01
2.597759080383805763e-01
2.596324291313880650e-01
2.595479146396020842e-01
2.595498195164283595e-01
2.599111424440387341e-01
2.598280350673897177e-01
2.598117464977615643e-01
2.598093378842515344e-01
2.596126960514973936e-01
2.594180146460536296e-01
2.595399314561933068e-01
2.597478423895183131e-01
2.596095742315810972e-01
2.593939168363310621e-01
2.593816752244075263e-01
2.592054282593068693e-01
2.591016967023898609e-01
2.593538051303005409e-01
2.594617825213866857e-01
2.593215743201243706e-01
2.592614399894043742e-01
2.595564263731204857e-01
2.594303257174915833e-01
2.595102002534685481e-01
2.597734431538932243e-01
2.595976375435768979e-01
2.594654498613987448e-01
2.593103293242131624e-01
2.593142185183991422e-01
2.592056843109378783e-01
2.589343382430819851e-01
2.589492975139895403e-01
2.587315187433560926e-01
2.585849969047469554e-01
2.586728793574529228e-01
2.586392267318048388e-01
2.589184014112745347e-01
2.588067849566174639e-01
2.588044436173244089e-01
2.588274488855434319e-01
2.590956684125024778e-01
2.589047504601877381e-01
2.588591139916364137e-01
2.589223833650108331e-01
2.591003750924061877e-01
2.589895460344284750e-01
2.592990516427805536e-01
2.591533953925659328e-01
2.590622664160857069e-01
2.589251116406768305e-01
2.588380236002872925e-01
2.588312829680762817e-01
2.587587073957042794e-01
2.588655899790167636e-01
2.590499460322460146e-01
2.588979311923363391e-01
2.590998208593380814e-01
2.590345245796774609e-01
2.592876980980525770e-01
2.595483904977610723e-01
2.594365582894587186e-01
2.595570232690248003e-01
2.593718868246506770e-01
2.594652408985754222e-01
2.595879257522560324e-01
2.596684082184596010e-01
2.598217796600437168e-01
2.596324398526118626e-01
2.598793890107907734e-01
2.601057739092280663e-01
2.600052994545648533e-01
2.601767713134733317e-01
2.602928047954952695e-01
2.601556319284685781e-01
2.602795883584808068e-01
2.607671682492860299e-01
2.605389677062452947e-01
2.603810066743721396e-01
2.604903801729968604e-01
2.606988054649922448e-01
2.606515865998699777e-01
2.606074535611629384e-01
2.605141453122908901e-01
2.605234686150548207e-01
2.605420248896306301e-01
2.605389484166006353e-01
2.607479999774200974e-01
2.609482796354812839e-01
2.610861988122588628e-01
2.610937475018803577e-01
2.611724883671637243e-01
2.612520939385467034e-01
2.613573777527157249e-01
2.613979018169333424e-01
2.612964654507328177e-01
2.614604427775089612e-01
2.614002985476605589e-01
2.615323092652190318e-01
2.614125948597696425e-01
2.613725968416143464e-01
2.612986230881494953e-01
2.614141751324932650e-01
2.613115767552181556e-01
2.611488187290210705e-01
2.612186526203637005e-01
2.610390830326582146e-01
2.609502640159429565e-01
2.610371003938394274e-01
2.610158215847248053e-01
2.611385524870784569e-01
2.611777192313766705e-01
2.612015545438244324e-01
2.612225095724570734e-01
2.610424769568330805e-01
2.609565076355514490e-01
2.609986432878371176e-01
2.612029386581809498e-01
2.612442832692590255e-01
2.610838462676338678e-01
2.611442944252350129e-01
2.610588301335890482e-01
2.609831611516100214e-01
2.608974296391239900e-01
2.607878034675021328e-01
