5.000000000000000000e-01
4.975754209332701183e-01
6.634176802687874464e-01
5.144680083641826052e-01
3.672082409859446228e-01
5.723244678797186902e-01
4.345986387575908050e-01
5.456458709795695139e-01
5.433092981084061135e-01
6.004543009060777647e-01
5.993286549539440511e-01
6.322383419510374525e-01
4.560986170706264886e-01
5.590689135929040043e-01
7.340546919366600642e-01
5.833337708342771766e-01
5.272517827368674581e-01
3.911519523256408171e-01
4.977862455243683981e-01
4.134804780036779315e-01
4.834793093951080811e-01
4.391792731770511882e-01
6.124953492570610614e-01
6.277184019693161643e-01
4.393232810884638018e-01
5.570926391739696726e-01
5.022446214491729233e-01
5.665176746978296540e-01
4.283681552600366871e-01
5.114140025515553356e-01
5.534164685071308876e-01
3.394948830969464759e-01
6.986088439756087398e-01
4.359590768713363929e-01
6.556755118213566380e-01
6.997284777748576934e-01
4.610999163458407990e-01
5.863345464863265466e-01
5.772241648954614668e-01
6.025847907683670179e-01
5.107088972648526903e-01
4.839307585579218918e-01
5.255619087508976994e-01
7.932438841718606470e-01
5.088328682230953692e-01
3.841779501122763452e-01
4.074490353141980714e-01
4.150816201874897304e-01
4.340413883478547175e-01
5.889152992919510776e-01
5.636245830486520392e-01
5.027319131895330306e-01
5.421560393284443613e-01
4.850604570263153392e-01
5.350638779001192225e-01
5.389173194788166033e-01
6.049821453271794214e-01
4.633452792213652027e-01
6.052855047877333527e-01
6.549264816782464083e-01
5.875242107955759296e-01
4.272515540607220719e-01
4.961296542799664699e-01
4.748216094643897267e-01
4.452186889800838210e-01
5.677594629238628121e-01
4.324888595205496067e-01
5.189989811596629199e-01
5.393105909792046404e-01
5.319443672943274803e-01
5.757323600256473162e-01
4.703376571101787751e-01
5.440308177861521433e-01
5.276686920644909629e-01
5.254084628975852489e-01
5.449390622700489573e-01
5.285372366264348143e-01
5.314292658495473054e-01
5.081795023408444134e-01
4.602270976563176963e-01
5.255627278215068143e-01
4.586716520075491688e-01
4.283990083330495580e-01
5.447617050771207392e-01
5.237981181429549604e-01
5.405935156552206244e-01
4.615877935747917937e-01
4.653610396558280349e-01
5.416223908378907659e-01
5.355498997325386368e-01
5.329701498593238940e-01
5.406058714769106377e-01
5.495989339126273743e-01
5.427093176793605922e-01
4.525960670498425098e-01
5.263532493315591365e-01
4.453074551819068416e-01
5.171328299786001059e-01
4.528799892556367723e-01
4.290781641699495386e-01
4.565898778419818504e-01
5.029336879646209013e-01
5.764632716674847890e-01
5.038954214984773250e-01
4.933245500192937061e-01
4.280421400352537598e-01
5.171798335603218222e-01
5.515821057703901298e-01
5.104578265778834112e-01
5.155995589579233096e-01
5.650376609859577570e-01
5.495244369728391476e-01
5.223103181658984573e-01
4.381209409557996204e-01
4.820394924490840616e-01
4.680773705277203600e-01
5.030257388715185796e-01
4.934160530833360259e-01
5.634643394759525359e-01
5.591397307282236495e-01
5.382369345831751195e-01
4.858444057218210266e-01
4.386548160664999751e-01
5.670770957406012780e-01
4.579892508083196478e-01
4.881986808830521829e-01
5.073888547419065365e-01
4.688109849923515204e-01
4.737932037386373141e-01
5.110678974512065098e-01
5.196701967398792421e-01
4.162164997568488234e-01
5.729845678922772523e-01
4.590439144450799702e-01
4.936103077843695397e-01
4.761076577906095397e-01
4.855175820053265201e-01
5.426498032334489130e-01
4.782702345545818967e-01
4.565605386236756269e-01
5.527865952466455290e-01
4.127948249175839024e-01
5.352058902517529138e-01
5.343115231665965803e-01
4.614676960201294365e-01
4.038462557071019199e-01
5.321683054246288958e-01
4.725817559132189372e-01
4.809405806639109882e-01
4.258687012470586675e-01
4.730843175822551649e-01
4.772255137063716735e-01
5.260653075810401980e-01
5.497330788205165852e-01
5.330410599828262486e-01
4.871295891407300682e-01
4.265478683400078519e-01
4.450265623779378066e-01
4.951639909236565384e-01
4.094424647592500577e-01
5.103671599243198020e-01
5.150619388515306207e-01
4.844957022771649857e-01
5.061970598891006867e-01
4.732118339998129808e-01
5.141720131823275253e-01
5.997490144516859356e-01
5.185580205356223882e-01
4.871335713138105761e-01
5.662131336442907115e-01
4.903145078190223050e-01
5.225199604452582802e-01
5.017743794453333184e-01
4.895958806110258799e-01
5.141348890554183759e-01
4.806207384469943777e-01
5.297976209820264293e-01
4.711581961798892437e-01
4.624197462233514133e-01
4.486987165801161748e-01
4.380972288644333079e-01
4.190300111826364970e-01
5.218596963825677948e-01
5.224523707424029162e-01
5.125211032141989698e-01
4.375726388641056896e-01
4.620933682280408128e-01
4.987746093798774427e-01
4.716861928934193982e-01
5.331314397863693433e-01
5.306341713496190993e-01
5.641522002859398199e-01
4.445380138859292285e-01
4.656949556036172888e-01
4.463322142674396309e-01
5.484719945997571511e-01
5.350307034871326639e-01
5.148524137882976026e-01
5.269802811524121333e-01
4.922472264496555727e-01
5.169956352649410780e-01
4.846308674451935694e-01
4.729580190972945131e-01
4.679525466822614388e-01
4.796291322507741373e-01
4.450813213271390123e-01
5.312506094283232505e-01
5.099125792473054863e-01
4.498510496034437423e-01
4.569756271092415001e-01
4.655683545105338550e-01
3.961490521731883541e-01
5.250681968711514713e-01
5.516109363015537781e-01
5.729420175545774097e-01
4.675348879364629173e-01
4.939038367778307848e-01
4.598987375065788363e-01
4.744210331210012010e-01
5.025576610842092951e-01
4.939321140555994472e-01
5.509961713900189961e-01
4.748116849873044720e-01
5.089251739865092716e-01
4.432636893154054403e-01
4.709177579521875989e-01
4.667252663928824208e-01
5.922116927139038367e-01
4.832607996653261462e-01
4.567127173099679860e-01
4.945976559742646383e-01
4.765617851555537521e-01
4.623005104360864981e-01
6.049266905022776530e-01
4.346425150430379691e-01
5.683908189246479337e-01
4.969013803488264158e-01
4.988455282639538413e-01
4.674336394566774300e-01
5.399171357665111248e-01
5.300653897869380682e-01
4.920383071802301722e-01
4.969616258619422022e-01
4.916976491239587466e-01
5.535832028243380387e-01
4.546432633471220730e-01
4.538308747669663190e-01
5.978470385904002260e-01
4.581688072036202986e-01
4.551588013111971254e-01
5.545390798776645980e-01
6.094367716686954761e-01
5.394714573292719306e-01
4.551816057112607616e-01
4.732814006796851047e-01
5.098561661407453593e-01
5.325829691860827220e-01
5.017302365800002661e-01
4.872490612913059072e-01
4.506776141334911112e-01
5.465955363294621172e-01
4.863125552400496820e-01
5.792091881425139865e-01
5.582147824385373935e-01
4.954979490549848431e-01
5.112861465825599971e-01
5.744775349270709874e-01
4.427376672745327313e-01
5.262326411965777551e-01
5.341767088793765161e-01
5.061575679661280969e-01
4.927783232810651337e-01
4.774022746745945622e-01
4.138124715949236809e-01
5.452392583925854685e-01
5.248108016645023355e-01
3.696729357422755546e-01
4.693528331541290122e-01
3.999087962120265738e-01
5.324957759763914167e-01
5.045187832940614125e-01
5.549332331315171007e-01
3.730437698970993088e-01
5.339099490331172815e-01
4.959453090152271537e-01
3.497897357288692888e-01
3.436505102884978569e-01
3.016963321938402331e-01
6.217054812370962358e-01
6.766807303328306045e-01
3.806662720422371304e-01
5.867659324256461195e-01
4.028964543184078706e-01
3.432404122128800972e-01
3.265188830431762224e-01
6.398303830887188681e-01
6.312866025549191962e-01
4.628051073749103739e-01
3.739449995161229223e-01
4.633604326457930189e-01
4.204510193076019253e-01
5.660177638488899099e-01
4.290943902620428796e-01
5.521513507151488698e-01
5.321481009561259690e-01
3.481015164146414320e-01
4.478118129492699162e-01
4.522859034351985885e-01
4.351646770710172474e-01
4.096059104273462315e-01
4.698299563038272897e-01
5.144615856282872546e-01
4.008368905422653450e-01
3.036921117395017244e-01
3.156495191281223911e-01
6.256131054985120121e-01
3.652435738360907957e-01
4.144784454882090574e-01
4.454913267901687846e-01
4.036655816499147287e-01
4.480644617392515183e-01
4.697254701750053218e-01
5.253023420335359850e-01
4.632730333856574512e-01
4.603442316749248864e-01
4.183977112656268038e-01
4.938046755141324295e-01
4.625535348835130289e-01
4.980049033528808344e-01
4.354472158828073258e-01
3.801089268046509706e-01
4.126606789743070269e-01
3.775068778508747780e-01
4.666032616822004542e-01
5.760606654370333812e-01
4.203379198294752150e-01
3.519962438597999399e-01
6.775870132212602481e-01
3.688952528514518603e-01
3.862191748471365260e-01
5.104972966981535798e-01
4.067832686287995991e-01
4.424243977380316606e-01
3.931320137782834956e-01
4.773502478338421673e-01
3.256700369634800696e-01
4.406269604153233987e-01
3.519495488357605173e-01
4.532921619030958471e-01
4.980332798956982887e-01
3.904728993666902737e-01
5.292776626752665470e-01
3.661342643934855090e-01
4.917216041244364955e-01
5.077580258951582826e-01
4.537730586460442805e-01
3.552661522496928792e-01
4.898309373231027886e-01
3.458018475457795837e-01
4.445684755444137548e-01
3.464814146512729676e-01
5.624244039263988082e-01
3.573590870633351901e-01
4.252402225745446906e-01
4.575983908978606962e-01
4.625163819247358199e-01
4.961135380945677631e-01
5.171809489291535611e-01
5.121894034479126390e-01
4.939004552887123478e-01
5.915884136325759712e-01
6.042654831552322081e-01
5.502905168312589579e-01
4.353276535661325108e-01
4.514150533654056052e-01
5.260455178392152709e-01
4.518655513629845633e-01
4.498053255163734776e-01
5.456347332152798879e-01
5.213891250891700135e-01
5.674198192872240698e-01
4.842830603941568612e-01
5.109637979159828980e-01
3.982171367631105463e-01
5.709064081201998819e-01
5.012066132402535068e-01
5.367334003435496603e-01
4.507656213838894255e-01
4.648991870693296447e-01
3.919897310187127615e-01
5.849721838196560997e-01
5.381616063771286207e-01
5.229967793004501875e-01
4.684228219109030089e-01
4.792711857924193408e-01
4.154305103058137383e-01
4.765988664325751523e-01
5.048155110386938205e-01
5.430355070144385898e-01
5.250033281051675882e-01
4.971596294800946780e-01
5.292504542748089902e-01
4.992697263557924758e-01
5.022397320887903582e-01
4.622739509543119518e-01
4.130642960217456028e-01
3.305439464814824424e-01
5.106409720141736885e-01
4.173611677026390354e-01
4.697778182765031674e-01
5.993325056939613482e-01
6.009819249959066356e-01
6.262511239909539507e-01
4.149653628822206342e-01
4.651075170977762574e-01
5.332844408435635231e-01
4.512799134898588527e-01
5.272073562310928274e-01
6.310175033736177275e-01
5.287379837286920736e-01
3.485176034417737934e-01
5.122716938110898344e-01
5.131668194671391570e-01
4.003579458537153135e-01
4.587435277702157088e-01
5.893307364413032934e-01
5.154675567974346118e-01
5.818457059282908794e-01
5.475958449275266648e-01
5.249084180923546672e-01
4.276706383709218406e-01
5.841487181770504966e-01
6.035255680289821623e-01
5.155011729268254017e-01
5.835667753785478418e-01
5.045592673717620436e-01
5.947657092351331665e-01
4.885855830924905052e-01
4.379967689571434009e-01
4.891073874099877705e-01
5.487071390205321419e-01
5.333711370287038678e-01
6.053494331942234075e-01
4.724528051077440116e-01
5.015653962159128954e-01
5.252115281773954703e-01
5.873270513408718196e-01
5.602233597065503501e-01
5.281097429119242515e-01
4.611313507011251533e-01
5.052478347052558050e-01
6.392854379144250476e-01
5.798733888900601263e-01
4.536421516391714870e-01
7.233500178351541798e-01
5.587828917363538705e-01
5.770776894461108197e-01
6.566786512580490287e-01
5.774118181095311275e-01
5.159002597939669199e-01
5.315862121772754190e-01
6.653925077384624798e-01
5.388198536285463414e-01
5.158195194306361975e-01
4.659661622495064326e-01
7.345584613868983981e-01
5.893985561923563710e-01
5.245223028049050829e-01
6.147478119989345791e-01
5.757959738623501522e-01
5.862534291217916804e-01
4.175689062504885363e-01
6.076776099430677425e-01
6.290561444282245507e-01
5.989302327983658802e-01
6.390408731934649200e-01
4.940128938007141701e-01
5.712305475467093219e-01
6.745419398981440384e-01
5.927518746374108582e-01
5.192694297350525234e-01
5.977487980288755942e-01
6.430675984525124900e-01
6.521219433227869455e-01
4.966944206999070466e-01
5.778186107122039727e-01
4.825459502407409840e-01
4.691756782987530627e-01
4.494458539388215823e-01
4.484147640277183489e-01
4.368281536107487262e-01
4.234892803661319816e-01
5.930172204224236632e-01
4.459676165863777908e-01
5.926759703850250638e-01
5.723782057385490285e-01
4.669701938595673396e-01
3.826180813971152284e-01
5.040940633093604628e-01
3.749133119117742940e-01
7.217366584859180589e-01
6.097353534424273525e-01
3.621799881131611554e-01
3.567596335978931998e-01
4.641077511779583831e-01
5.788249115670963674e-01
5.098911199132628580e-01
5.215376896046759470e-01
4.595619384988019474e-01
4.108739265436123222e-01
5.977327248250233760e-01
5.407395482060599612e-01
6.297264148544409190e-01
4.438604404148719373e-01
5.509531372347910017e-01
4.522323012309139578e-01
3.212378518747578404e-01
2.782021590688084633e-01
4.659755178036980028e-01
5.510938017091217000e-01
4.471074471165020214e-01
5.150249732177653028e-01
5.025672459374471712e-01
3.936773351691684186e-01
5.624195597189290963e-01
5.464157603256351026e-01
5.577490493867296451e-01
5.774941010397331986e-01
5.409591884631800296e-01
4.620873477188670031e-01
5.559085405516930312e-01
4.714266213963074770e-01
4.498723482046436128e-01
4.590246032019962841e-01
5.264768968268981331e-01
4.387773525722744594e-01
5.413652848288530439e-01
5.173903536359012456e-01
4.032240265555350756e-01
4.650198383969010862e-01
4.851805093891907728e-01
5.790762972064724678e-01
5.049685153141585392e-01
5.593295077513619207e-01
5.051910781221115032e-01
5.343033910794644514e-01
5.027162236836208997e-01
4.389898936751936431e-01
4.900342945384116300e-01
4.088817243335570173e-01
5.221025439262628742e-01
4.645020074364146212e-01
6.106019788031087359e-01
5.039970679337293369e-01
4.166889253633044299e-01
7.118452042293181847e-01
4.405526747564474932e-01
3.506446503088072042e-01
4.260420238846169827e-01
5.059671560218139685e-01
4.680064576299010071e-01
3.364226536845842941e-01
3.973200144907688691e-01
5.085185079669695130e-01
3.061314926687261906e-01
4.337601165429846861e-01
3.201618813960144805e-01
4.222320320234366764e-01
4.599387821277834409e-01
4.894770382925409113e-01
6.825431936382870823e-01
4.608402358744619898e-01
5.004944401993113301e-01
4.916406759554707295e-01
6.169330553928964456e-01
6.159736903337398317e-01
5.742508285554905889e-01
3.837918769457448476e-01
4.238992556538137557e-01
3.667809768602460774e-01
5.022763585007232745e-01
3.959872997153260354e-01
4.457913531874527213e-01
3.625574389780663043e-01
4.320910469839935875e-01
4.210698001301523274e-01
4.733103867310194390e-01
3.421904275441919885e-01
5.695547186834208908e-01
5.536752675927640865e-01
6.442722672942209350e-01
6.054160142040421189e-01
4.256880806552240659e-01
5.909476185460069697e-01
4.885076736989394930e-01
4.411664435011658503e-01
3.117885209576964911e-01
4.824287660178766535e-01
6.415312929912175832e-01
4.133018456018404119e-01
5.580343636202487190e-01
4.882765596639556116e-01
6.534382590972507288e-01
5.623905133587741023e-01
4.926635488314139999e-01
5.222505492175774089e-01
3.506644151521669528e-01
6.218233833178783421e-01
4.807412413267653228e-01
5.453929150163645545e-01
6.063623741654756705e-01
4.373476781806838187e-01
3.301369662727868803e-01
4.121481699716840752e-01
5.493237582729193491e-01
5.821783577120408504e-01
4.529810048118289023e-01
5.046506840319324727e-01
4.625008147774201106e-01
5.701104358362744096e-01
6.110243031454656304e-01
5.944180531526727096e-01
6.202218907249158475e-01
4.672846481012484787e-01
3.540371732335248489e-01
3.500145076114561937e-01
4.352351041588766734e-01
5.788683489852759489e-01
3.782938008449527878e-01
4.359211461176594749e-01
4.195868854246637136e-01
4.428170458521770714e-01
4.027123551074650587e-01
6.261279072353701514e-01
3.546743804122987620e-01
3.645000515996297819e-01
4.428358005951940624e-01
3.922135692217533776e-01
4.217940104725055317e-01
4.153338053884316761e-01
4.172378670792964983e-01
7.571696495868569521e-01
6.623104694040979901e-01
3.985123124571329223e-01
4.247375266130029026e-01
3.714038507897335362e-01
4.797376363502354191e-01
5.182808105153944300e-01
4.472699409117772973e-01
4.836916695337770689e-01
4.778854499596144612e-01
5.084645164356420555e-01
6.301187329636259715e-01
6.258840917849051166e-01
4.073067062765224344e-01
4.842111486237894447e-01
5.593089450322169531e-01
5.599579933684004640e-01
4.249920631191768106e-01
4.632474870703278125e-01
4.408497065422743999e-01
3.918475061495253486e-01
5.292720335607801196e-01
4.091908810736982760e-01
4.265234221486661204e-01
4.845347405174552091e-01
5.395305620558952242e-01
4.182033098153778994e-01
5.609375206927589286e-01
3.902098143347951242e-01
5.549841077183412796e-01
3.748971721449463335e-01
4.486244362306450184e-01
4.347761658261369289e-01
5.033372328818691566e-01
4.135002885117334270e-01
5.363342599321357929e-01
4.733710404174809039e-01
5.248142709429561847e-01
6.274408356406581122e-01
4.499970768394606080e-01
4.617686162119982729e-01
6.328762764021614862e-01
4.619640786753884121e-01
6.109692336639407362e-01
5.500466183715979618e-01
4.499225778558555988e-01
4.571636146195496853e-01
5.506514169948490967e-01
5.695869760102209023e-01
