1.000000000000000000e+00
1.000000000000000000e+00
1.000000000000000000e+00
1.000000000000000000e+00
1.000000000000000000e+00
8.333333333333333703e-01
8.571428571428570953e-01
8.750000000000000000e-01
8.888888888888888395e-01
9.000000000000000222e-01
9.090909090909090606e-01
9.166666666666666297e-01
9.230769230769231282e-01
9.285714285714286031e-01
9.333333333333333481e-01
9.375000000000000000e-01
9.411764705882352811e-01
8.888888888888888395e-01
8.947368421052631637e-01
9.000000000000000222e-01
9.047619047619047672e-01
9.090909090909090606e-01
8.695652173913043237e-01
8.750000000000000000e-01
8.399999999999999689e-01
8.076923076923077094e-01
7.777777777777777901e-01
7.857142857142856984e-01
7.586206896551723755e-01
7.666666666666667185e-01
7.741935483870967527e-01
7.812500000000000000e-01
7.575757575757575690e-01
7.647058823529411242e-01
7.714285714285714635e-01
7.777777777777777901e-01
7.837837837837837718e-01
7.894736842105263275e-01
7.948717948717948234e-01
8.000000000000000444e-01
8.048780487804878536e-01
8.095238095238095344e-01
8.139534883720930258e-01
8.181818181818182323e-01
8.000000000000000444e-01
8.043478260869565410e-01
7.872340425531915153e-01
7.708333333333333703e-01
7.551020408163264808e-01
7.399999999999999911e-01
7.450980392156862919e-01
7.500000000000000000e-01
7.547169811320755262e-01
7.592592592592593004e-01
7.454545454545454808e-01
7.321428571428570953e-01
7.192982456140351033e-01
7.241379310344827624e-01
7.288135593220338437e-01
7.333333333333332815e-01
7.377049180327869271e-01
7.419354838709677491e-01
7.460317460317460458e-01
7.500000000000000000e-01
7.538461538461538325e-01
7.575757575757575690e-01
7.611940298507462455e-01
7.647058823529411242e-01
7.681159420289854767e-01
7.714285714285714635e-01
7.746478873239436291e-01
7.777777777777777901e-01
7.808219178082191902e-01
7.702702702702702853e-01
7.600000000000000089e-01
7.500000000000000000e-01
7.402597402597402843e-01
7.435897435897436125e-01
7.468354430379746667e-01
7.500000000000000000e-01
7.407407407407406996e-01
7.439024390243902385e-01
7.469879518072288782e-01
7.500000000000000000e-01
7.529411764705882248e-01
7.558139534883721034e-01
7.586206896551723755e-01
7.613636363636363535e-01
7.640449438202246979e-01
7.666666666666667185e-01
7.692307692307692735e-01
7.608695652173913526e-01
7.526881720430107503e-01
7.553191489361702482e-01
7.578947368421052877e-01
7.604166666666666297e-01
7.628865979381442841e-01
7.551020408163264808e-01
7.575757575757575690e-01
7.600000000000000089e-01
7.524752475247524774e-01
7.450980392156862919e-01
7.378640776699029180e-01
7.403846153846154188e-01
7.333333333333332815e-01
7.264150943396225912e-01
7.196261682242990343e-01
7.129629629629629095e-01
7.064220183486238369e-01
6.999999999999999556e-01
6.936936936936937137e-01
6.875000000000000000e-01
6.814159292035397719e-01
6.754385964912280604e-01
6.695652173913043681e-01
6.637931034482759118e-01
6.666666666666666297e-01
6.694915254237288060e-01
6.638655462184873679e-01
6.583333333333333259e-01
6.611570247933884481e-01
6.639344262295081567e-01
6.585365853658536883e-01
6.532258064516128782e-01
6.480000000000000204e-01
6.428571428571429047e-01
6.456692913385826404e-01
6.484375000000000000e-01
6.434108527131783273e-01
6.384615384615384137e-01
6.412213740458014843e-01
6.439393939393939226e-01
6.390977443609022757e-01
6.343283582089552786e-01
6.296296296296296502e-01
6.250000000000000000e-01
6.277372262773722733e-01
6.304347826086956763e-01
6.258992805755395628e-01
6.214285714285714413e-01
6.170212765957446832e-01
6.126760563380281299e-01
6.153846153846154188e-01
6.180555555555555802e-01
6.206896551724138122e-01
6.164383561643835829e-01
6.190476190476190688e-01
6.216216216216216006e-01
6.241610738255033430e-01
6.266666666666667052e-01
6.291390728476821126e-01
6.315789473684210176e-01
6.339869281045751315e-01
6.363636363636363535e-01
6.322580645161289814e-01
6.282051282051281937e-01
6.305732484076432831e-01
6.329113924050633333e-01
6.352201257861634920e-01
6.312499999999999778e-01
6.335403726708074279e-01
6.358024691358025171e-01
6.380368098159509005e-01
6.341463414634146423e-01
6.303030303030302539e-01
6.265060240963855609e-01
6.227544910179640958e-01
6.190476190476190688e-01
6.153846153846154188e-01
6.117647058823529882e-01
6.140350877192982670e-01
6.104651162790697416e-01
6.069364161849710726e-01
6.034482758620689502e-01
5.999999999999999778e-01
5.965909090909090606e-01
5.988700564971751739e-01
6.011235955056180025e-01
5.977653631284916003e-01
5.944444444444444420e-01
5.911602209944751829e-01
5.879120879120879328e-01
5.846994535519125513e-01
5.815217391304348116e-01
5.783783783783783550e-01
5.752688172043011194e-01
5.721925133689839127e-01
5.691489361702127825e-01
5.661375661375661617e-01
5.684210526315789380e-01
5.654450261780105125e-01
5.625000000000000000e-01
5.595854922279792643e-01
5.567010309278350721e-01
5.538461538461538769e-01
5.510204081632652517e-01
5.532994923857867953e-01
5.555555555555555802e-01
5.527638190954773378e-01
5.550000000000000488e-01
5.522388059701492935e-01
5.495049504950495489e-01
5.467980295566502447e-01
5.441176470588234837e-01
5.463414634146341875e-01
5.485436893203883280e-01
5.458937198067632668e-01
5.432692307692307265e-01
5.406698564593301892e-01
5.380952380952380709e-01
5.402843601895734871e-01
5.424528301886792914e-01
5.399061032863849974e-01
5.373831775700934621e-01
5.395348837209302806e-01
5.370370370370370905e-01
5.345622119815668372e-01
5.366972477064220204e-01
5.388127853881278240e-01
5.409090909090908950e-01
5.384615384615384359e-01
5.360360360360360010e-01
5.381165919282511201e-01
5.401785714285713969e-01
5.377777777777777990e-01
5.353982300884956302e-01
5.374449339207048038e-01
5.350877192982456121e-01
5.327510917030567894e-01
5.304347826086956985e-01
5.281385281385281294e-01
5.258620689655172376e-01
5.236051502145923076e-01
5.213675213675214026e-01
5.234042553191489144e-01
5.254237288135593653e-01
5.274261603375527407e-01
5.294117647058823595e-01
5.271966527196653152e-01
5.250000000000000222e-01
5.228215767634855071e-01
5.206611570247934306e-01
5.185185185185184897e-01
5.163934426229508379e-01
5.183673469387755084e-01
5.162601626016259937e-01
5.141700404858299267e-01
5.120967741935483764e-01
5.100401606425702949e-01
5.080000000000000071e-01
5.059760956175298752e-01
5.039682539682539542e-01
5.019762845849802257e-01
5.000000000000000000e-01
4.980392156862745168e-01
4.960937500000000000e-01
4.941634241245136394e-01
4.922480620155038622e-01
4.903474903474903668e-01
4.884615384615384470e-01
4.865900383141762431e-01
4.847328244274808906e-01
4.828897338403042028e-01
4.810606060606060774e-01
4.792452830188679291e-01
4.774436090225563922e-01
4.756554307116104829e-01
4.738805970149253532e-01
4.721189591078067127e-01
4.703703703703703831e-01
4.686346863468634494e-01
4.669117647058823595e-01
4.652014652014652141e-01
4.635036496350364854e-01
4.618181818181817944e-01
4.601449275362318736e-01
4.584837545126353997e-01
4.568345323741007102e-01
4.551971326164874765e-01
4.535714285714285698e-01
4.519572953736654686e-01
4.503546099290779980e-01
4.487632508833922507e-01
4.471830985915493106e-01
4.456140350877192957e-01
4.440559440559440629e-01
4.425087108013937010e-01
4.409722222222222099e-01
4.394463667820069364e-01
4.379310344827586077e-01
4.364261168384879763e-01
4.349315068493150860e-01
4.334470989761092241e-01
4.319727891156462385e-01
4.305084745762711718e-01
4.290540540540540571e-01
4.276094276094276059e-01
4.261744966442952975e-01
4.247491638795986568e-01
4.233333333333333393e-01
4.219269102990033105e-01
4.205298013245032940e-01
4.191419141914191626e-01
4.177631578947368363e-01
4.163934426229508046e-01
4.150326797385621158e-01
4.136807817589576719e-01
4.123376623376623362e-01
4.110032362459546951e-01
4.096774193548387011e-01
4.083601286173633715e-01
4.070512820512820484e-01
4.057507987220447254e-01
4.044585987261146709e-01
4.031746031746031855e-01
4.018987341772151667e-01
4.006309148264984299e-01
3.993710691823899595e-01
3.981191222570533150e-01
3.968749999999999778e-01
3.956386292834890850e-01
3.944099378881987805e-01
3.931888544891640747e-01
3.919753086419753285e-01
3.907692307692307576e-01
3.895705521472392907e-01
3.883792048929663454e-01
3.871951219512195230e-01
3.860182370820668951e-01
3.848484848484848286e-01
3.836858006042296321e-01
3.825301204819276935e-01
3.813813813813813902e-01
3.802395209580838320e-01
3.791044776119402715e-01
3.779761904761904656e-01
3.768545994065282123e-01
3.757396449704141772e-01
3.746312684365781798e-01
3.735294117647058876e-01
3.724340175953079202e-01
3.713450292397660890e-01
3.702623906705539425e-01
3.691860465116278966e-01
3.681159420289855100e-01
3.670520231213872941e-01
3.659942363112391739e-01
3.649425287356322101e-01
3.638968481375358111e-01
3.628571428571428781e-01
3.618233618233618332e-01
