1.000000000000000000e+00
1.000000000000000000e+00
1.000000000000000000e+00
1.000000000000000000e+00
8.000000000000000444e-01
6.666666666666666297e-01
5.714285714285713969e-01
5.000000000000000000e-01
4.444444444444444198e-01
5.000000000000000000e-01
5.454545454545454142e-01
5.833333333333333703e-01
5.384615384615384359e-01
5.000000000000000000e-01
5.333333333333333259e-01
5.000000000000000000e-01
4.705882352941176405e-01
4.444444444444444198e-01
4.210526315789473450e-01
4.000000000000000222e-01
3.809523809523809312e-01
3.636363636363636465e-01
3.913043478260869734e-01
4.166666666666666852e-01
4.000000000000000222e-01
3.846153846153846367e-01
4.074074074074073848e-01
4.285714285714285476e-01
4.482758620689655249e-01
4.333333333333333481e-01
4.193548387096774355e-01
4.375000000000000000e-01
4.545454545454545303e-01
4.705882352941176405e-01
4.857142857142857095e-01
5.000000000000000000e-01
4.864864864864865135e-01
5.000000000000000000e-01
4.871794871794871695e-01
5.000000000000000000e-01
4.878048780487804770e-01
4.761904761904761640e-01
4.883720930232557933e-01
5.000000000000000000e-01
5.111111111111110716e-01
5.000000000000000000e-01
4.893617021276595591e-01
5.000000000000000000e-01
4.897959183673469274e-01
4.799999999999999822e-01
4.901960784313725283e-01
4.807692307692307820e-01
4.716981132075471761e-01
4.814814814814814548e-01
4.727272727272727182e-01
4.642857142857143016e-01
4.561403508771929571e-01
4.655172413793103314e-01
4.745762711864406902e-01
4.833333333333333370e-01
4.918032786885245811e-01
5.000000000000000000e-01
5.079365079365079083e-01
5.000000000000000000e-01
4.923076923076923350e-01
5.000000000000000000e-01
5.074626865671642006e-01
5.000000000000000000e-01
5.072463768115942351e-01
5.142857142857142350e-01
5.070422535211267512e-01
5.000000000000000000e-01
4.931506849315068219e-01
4.864864864864865135e-01
4.933333333333333459e-01
4.868421052631579093e-01
4.935064935064935043e-01
5.000000000000000000e-01
5.063291139240506666e-01
5.000000000000000000e-01
4.938271604938271331e-01
4.878048780487804770e-01
4.819277108433734913e-01
4.761904761904761640e-01
4.705882352941176405e-01
4.651162790697674354e-01
4.597701149425287293e-01
4.659090909090908839e-01
4.719101123595505487e-01
4.666666666666666741e-01
4.615384615384615641e-01
4.673913043478261087e-01
4.623655913978494403e-01
4.680851063829787329e-01
4.631578947368421018e-01
4.583333333333333148e-01
4.639175257731958935e-01
4.591836734693877653e-01
4.545454545454545303e-01
4.500000000000000111e-01
4.554455445544554615e-01
4.607843137254901689e-01
4.563106796116505048e-01
4.519230769230769273e-01
4.476190476190476386e-01
4.433962264150943522e-01
4.485981308411214896e-01
4.444444444444444198e-01
4.403669724770642446e-01
4.454545454545454364e-01
4.414414414414414289e-01
4.375000000000000000e-01
4.336283185840708043e-01
4.298245614035087758e-01
4.260869565217391131e-01
4.310344827586206629e-01
4.358974358974359031e-01
4.406779661016949068e-01
4.453781512605042292e-01
4.500000000000000111e-01
4.462809917355372025e-01
4.508196721311475419e-01
4.552845528455284341e-01
4.596774193548386900e-01
4.640000000000000235e-01
4.603174603174602919e-01
4.566929133858267931e-01
4.609375000000000000e-01
4.573643410852712976e-01
4.615384615384615641e-01
4.656488549618320594e-01
4.621212121212120993e-01
4.661654135338345606e-01
4.626865671641791078e-01
4.592592592592592560e-01
4.558823529411764608e-01
4.598540145985401395e-01
4.637681159420289911e-01
4.604316546762590168e-01
4.571428571428571286e-01
4.609929078014184389e-01
4.577464788732394374e-01
4.545454545454545303e-01
4.583333333333333148e-01
4.551724137931034697e-01
4.589041095890410982e-01
4.625850340136054561e-01
4.594594594594594850e-01
4.630872483221476488e-01
4.666666666666666741e-01
4.701986754966887561e-01
4.736842105263157632e-01
4.705882352941176405e-01
4.675324675324675217e-01
4.709677419354838523e-01
4.679487179487179516e-01
4.713375796178344013e-01
4.746835443037974445e-01
4.716981132075471761e-01
4.687500000000000000e-01
4.658385093167701774e-01
4.629629629629629650e-01
4.662576687116564145e-01
4.634146341463414864e-01
4.606060606060606299e-01
4.638554216867469826e-01
4.670658682634730718e-01
4.642857142857143016e-01
4.615384615384615641e-01
4.588235294117646856e-01
4.619883040935672258e-01
4.593023255813953321e-01
4.566473988439306297e-01
4.540229885057471271e-01
4.514285714285714013e-01
4.545454545454545303e-01
4.519774011299435013e-01
4.494382022471909988e-01
4.469273743016759504e-01
4.444444444444444198e-01
4.475138121546961556e-01
4.505494505494505586e-01
4.535519125683060149e-01
4.565217391304347561e-01
4.540540540540540793e-01
4.516129032258064391e-01
4.545454545454545303e-01
4.521276595744680993e-01
4.550264550264550012e-01
4.526315789473684403e-01
4.554973821989528604e-01
4.583333333333333148e-01
4.611398963730569678e-01
4.639175257731958935e-01
4.666666666666666741e-01
4.693877551020408379e-01
4.720812182741117025e-01
4.747474747474747514e-01
4.723618090452261220e-01
4.749999999999999778e-01
4.726368159203980235e-01
4.752475247524752255e-01
4.778325123152709630e-01
4.754901960784313486e-01
4.731707317073170493e-01
4.757281553398058360e-01
4.734299516908212491e-01
4.759615384615384359e-01
4.736842105263157632e-01
4.761904761904761640e-01
4.739336492890995345e-01
4.716981132075471761e-01
4.741784037558685605e-01
4.766355140186915862e-01
4.744186046511628119e-01
4.722222222222222099e-01
4.746543778801843305e-01
4.724770642201834847e-01
4.703196347031963209e-01
4.727272727272727182e-01
4.751131221719456788e-01
4.729729729729729715e-01
4.708520179372197578e-01
4.687500000000000000e-01
4.666666666666666741e-01
4.690265486725663791e-01
4.713656387665198233e-01
4.692982456140351033e-01
4.716157205240174566e-01
4.739130434782608536e-01
4.761904761904761640e-01
4.741379310344827624e-01
4.763948497854077480e-01
4.786324786324786529e-01
4.765957446808510856e-01
4.745762711864406902e-01
4.725738396624472593e-01
4.747899159663865332e-01
4.728033472803347403e-01
4.708333333333333259e-01
4.730290456431535118e-01
4.752066115702479610e-01
4.732510288065843729e-01
4.713114754098360892e-01
4.693877551020408379e-01
4.715447154471544833e-01
4.696356275303643635e-01
4.677419354838709409e-01
4.658634538152610638e-01
4.640000000000000235e-01
4.621513944223107351e-01
4.603174603174602919e-01
4.584980237154150373e-01
4.566929133858267931e-01
4.549019607843137192e-01
4.531250000000000000e-01
4.513618677042801619e-01
4.496124031007752153e-01
4.517374517374517229e-01
4.538461538461538436e-01
4.521072796934865745e-01
4.503816793893129500e-01
4.486692015209125528e-01
4.469696969696969613e-01
4.490566037735849170e-01
4.511278195488721554e-01
4.494382022471909988e-01
4.477611940298507620e-01
4.498141263940520496e-01
4.518518518518518379e-01
4.501845018450184588e-01
4.522058823529411797e-01
4.542124542124542086e-01
4.562043795620437936e-01
4.545454545454545303e-01
4.528985507246376940e-01
4.512635379061371577e-01
4.496402877697841527e-01
4.480286738351254572e-01
4.500000000000000111e-01
4.519572953736654686e-01
4.539007092198581450e-01
4.522968197879858598e-01
4.507042253521126862e-01
4.491228070175438680e-01
4.510489510489510412e-01
4.529616724738675937e-01
4.548611111111111049e-01
4.567474048442906609e-01
4.586206896551723866e-01
4.570446735395188864e-01
4.589041095890410982e-01
4.607508532423208458e-01
4.625850340136054561e-01
4.644067796610169552e-01
4.628378378378378288e-01
4.612794612794612892e-01
4.630872483221476488e-01
4.648829431438127324e-01
4.666666666666666741e-01
4.684385382059800818e-01
4.668874172185430438e-01
4.686468646864686560e-01
4.703947368421052544e-01
4.688524590163934413e-01
4.705882352941176405e-01
4.690553745928338625e-01
4.675324675324675217e-01
4.692556634304206886e-01
4.677419354838709409e-01
4.694533762057878090e-01
4.711538461538461453e-01
4.728434504792332072e-01
4.713375796178344013e-01
4.730158730158730007e-01
4.715189873417721667e-01
4.731861198738170349e-01
4.716981132075471761e-01
4.733542319749216576e-01
4.718749999999999889e-01
4.735202492211837977e-01
4.720496894409937916e-01
4.736842105263157632e-01
4.753086419753086433e-01
4.769230769230769496e-01
4.785276073619632031e-01
4.770642201834862650e-01
4.786585365853658347e-01
4.772036474164133568e-01
4.757575757575757680e-01
4.743202416918428921e-01
4.728915662650602370e-01
4.744744744744744946e-01
4.730538922155688719e-01
4.746268656716418066e-01
4.732142857142856984e-01
4.747774480712166345e-01
4.763313609467455523e-01
4.778761061946902866e-01
4.764705882352940902e-01
4.780058651026393157e-01
4.795321637426900319e-01
4.810495626822157700e-01
4.825581395348837455e-01
4.840579710144927716e-01
4.826589595375722630e-01
4.841498559077809793e-01
4.827586206896551935e-01
4.813753581661890935e-01
4.828571428571428736e-01
4.843304843304843121e-01
4.829545454545454697e-01
4.815864022662889599e-01
4.802259887005649874e-01
4.788732394366196909e-01
4.775280898876404501e-01
4.789915966386554813e-01
4.776536312849162247e-01
4.791086350974930186e-01
4.777777777777778012e-01
4.792243767313019154e-01
4.779005524861878462e-01
4.793388429752066249e-01
4.780219780219780445e-01
4.767123287671232723e-01
4.781420765027322162e-01
4.768392370572206995e-01
4.755434782608695676e-01
4.742547425474255007e-01
4.729729729729729715e-01
4.743935309973045800e-01
4.731182795698924970e-01
4.718498659517426086e-01
4.732620320855615015e-01
4.719999999999999751e-01
4.734042553191489255e-01
4.721485411140583510e-01
4.735449735449735464e-01
4.749340369393139638e-01
4.763157894736841924e-01
4.776902887139107823e-01
4.764397905759162333e-01
4.778067885117493474e-01
4.791666666666666852e-01
4.805194805194805130e-01
4.792746113989637124e-01
4.780361757105943132e-01
4.768041237113402331e-01
4.781491002570694149e-01
4.794871794871795045e-01
4.782608695652174058e-01
4.795918367346938549e-01
4.783715012722646320e-01
4.796954314720812129e-01
4.810126582278481111e-01
4.823232323232323204e-01
4.811083123425692887e-01
4.798994974874372099e-01
4.786967418546365649e-01
4.774999999999999800e-01
4.763092269326683059e-01
4.751243781094527385e-01
4.739454094292803732e-01
4.727722772277227481e-01
4.716049382716049343e-01
4.729064039408866771e-01
4.742014742014741824e-01
4.754901960784313486e-01
4.743276283618582112e-01
4.731707317073170493e-01
4.720194647201946259e-01
4.733009708737864196e-01
4.721549636803873962e-01
4.710144927536231707e-01
4.722891566265060015e-01
4.735576923076922906e-01
4.724220623501199090e-01
4.736842105263157632e-01
4.749403341288782610e-01
4.738095238095237915e-01
4.750593824228028228e-01
4.739336492890995345e-01
4.751773049645390268e-01
4.764150943396226467e-01
4.776470588235294246e-01
4.788732394366196909e-01
4.777517564402810057e-01
4.789719626168224553e-01
4.801864801864801913e-01
4.790697674418604723e-01
4.779582366589327225e-01
4.768518518518518601e-01
4.780600461893764197e-01
4.792626728110598866e-01
4.804597701149425082e-01
4.793577981651376274e-01
4.782608695652174058e-01
4.771689497716894990e-01
4.760820045558086799e-01
4.772727272727272929e-01
4.761904761904761640e-01
4.751131221719456788e-01
4.740406320541760699e-01
4.752252252252252007e-01
4.764044943820224809e-01
4.775784753363228607e-01
4.765100671140939381e-01
4.776785714285714524e-01
4.788418708240534394e-01
4.777777777777778012e-01
4.767184035476718651e-01
4.756637168141593097e-01
4.746136865342163169e-01
4.757709251101321368e-01
4.747252747252747040e-01
4.736842105263157632e-01
4.726477024070022126e-01
4.716157205240174566e-01
4.727668845315904367e-01
4.739130434782608536e-01
4.728850325379609365e-01
4.718614718614718706e-01
4.708423326133909237e-01
4.719827586206896686e-01
4.731182795698924970e-01
4.721030042918454850e-01
4.710920770877944364e-01
4.722222222222222099e-01
4.712153518123667340e-01
4.702127659574468210e-01
4.692144373673036162e-01
4.682203389830508211e-01
4.693446088794925863e-01
4.704641350210970741e-01
4.715789473684210420e-01
4.726890756302520868e-01
4.716981132075471761e-01
4.707112970711296862e-01
4.697286012526096233e-01
4.687500000000000000e-01
4.677754677754678014e-01
4.688796680497925307e-01
4.699792960662526053e-01
4.710743801652892415e-01
4.701030927835051498e-01
4.711934156378601024e-01
4.722792607802874798e-01
4.733606557377049162e-01
4.744376278118609402e-01
4.734693877551020558e-01
4.725050916496945086e-01
4.715447154471544833e-01
4.705882352941176405e-01
4.696356275303643635e-01
4.686868686868687073e-01
4.677419354838709409e-01
4.688128772635815067e-01
4.698795180722891707e-01
4.689378757515030305e-01
4.699999999999999734e-01
4.690618762475050052e-01
4.681274900398406102e-01
4.671968190854871028e-01
4.662698412698412787e-01
4.653465346534653713e-01
4.644268774703557146e-01
4.654832347140039350e-01
4.665354330708661457e-01
4.656188605108054768e-01
4.666666666666666741e-01
4.677103718199608351e-01
4.667968750000000000e-01
4.658869395711500716e-01
4.669260700389105123e-01
4.660194174757281704e-01
4.670542635658914699e-01
4.680851063829787329e-01
4.691119691119691182e-01
4.701348747591522215e-01
4.711538461538461453e-01
4.702495201535508706e-01
4.693486590038314366e-01
4.703632887189292400e-01
4.713740458015266976e-01
4.723809523809524014e-01
4.733840304182509451e-01
4.743833017077798697e-01
4.734848484848485084e-01
4.744801512287334377e-01
4.754716981132075526e-01
4.745762711864406902e-01
4.755639097744360777e-01
4.765478424015009429e-01
4.756554307116104829e-01
4.766355140186915862e-01
4.776119402985074536e-01
4.785847299813780209e-01
4.795539033457248967e-01
4.786641929499072523e-01
4.777777777777778012e-01
4.768946395563770646e-01
4.760147601476014678e-01
4.769797421731123421e-01
4.761029411764705621e-01
4.770642201834862650e-01
4.780219780219780445e-01
4.771480804387568386e-01
4.762773722627737238e-01
4.754098360655737432e-01
4.745454545454545481e-01
4.736842105263157632e-01
4.728260869565217295e-01
4.737793851717902460e-01
4.729241877256317728e-01
4.720720720720720798e-01
4.712230215827338253e-01
4.703770197486534799e-01
4.695340501792114596e-01
4.704830053667262701e-01
4.696428571428571397e-01
4.688057040998217517e-01
4.679715302491103124e-01
4.689165186500888205e-01
4.680851063829787329e-01
4.672566371681415864e-01
4.681978798586572399e-01
4.673721340388006795e-01
4.665492957746478764e-01
4.674868189806678509e-01
4.684210526315789602e-01
4.676007005253940418e-01
4.667832167832167700e-01
4.659685863874345468e-01
4.651567944250871167e-01
4.643478260869565166e-01
4.635416666666666852e-01
4.627383015597920091e-01
4.636678200692041507e-01
4.628670120898100149e-01
4.620689655172413590e-01
4.612736660929431798e-01
4.604810996563573622e-01
4.614065180102915886e-01
4.606164383561643927e-01
4.598290598290598052e-01
4.590443686006825952e-01
4.582623509369676551e-01
4.591836734693877653e-01
4.601018675721562090e-01
4.610169491525423768e-01
4.602368866328256924e-01
4.594594594594594850e-01
4.586846543001686372e-01
4.579124579124579375e-01
4.571428571428571286e-01
4.563758389261745041e-01
4.572864321608040017e-01
4.565217391304347561e-01
4.574290484140233759e-01
4.583333333333333148e-01
4.575707154742096328e-01
4.584717607973421982e-01
4.577114427860696777e-01
4.586092715231788186e-01
4.578512396694214837e-01
4.570957095709570761e-01
4.579901153212520559e-01
4.572368421052631637e-01
4.564860426929392423e-01
4.557377049180327822e-01
4.566284779050736597e-01
4.558823529411764608e-01
4.551386623164763723e-01
4.543973941368077973e-01
4.552845528455284341e-01
4.545454545454545303e-01
4.554294975688816804e-01
4.563106796116505048e-01
4.571890145395799410e-01
4.564516129032258340e-01
4.557165861513687855e-01
4.565916398713826263e-01
4.558587479935794495e-01
4.567307692307692180e-01
4.576000000000000068e-01
4.568690095846645316e-01
4.561403508771929571e-01
4.554140127388535131e-01
4.546899841017488231e-01
4.555555555555555469e-01
4.548335974643423207e-01
4.541139240506328889e-01
4.533965244865718613e-01
4.542586750788643601e-01
4.535433070866141669e-01
4.544025157232704504e-01
4.552590266875981007e-01
4.561128526645767955e-01
4.569640062597808972e-01
4.578125000000000111e-01
4.586583463338533284e-01
4.579439252336448551e-01
4.587869362363919401e-01
4.596273291925465632e-01
4.604651162790697749e-01
4.597523219814241280e-01
4.590417310664605677e-01
4.583333333333333148e-01
4.576271186440677985e-01
4.569230769230769318e-01
4.562211981566820507e-01
4.570552147239264063e-01
4.563552833078101112e-01
4.571865443425076614e-01
4.580152671755725047e-01
4.573170731707317249e-01
4.581430745814307204e-01
4.574468085106382920e-01
4.582701062215477905e-01
4.575757575757575801e-01
4.583963691376701788e-01
4.577039274924471490e-01
4.570135746606334703e-01
4.578313253012047945e-01
4.586466165413533580e-01
4.579579579579579618e-01
4.572713643178411003e-01
4.565868263473054078e-01
4.559043348281016650e-01
4.567164179104477584e-01
4.560357675111773590e-01
4.553571428571428492e-01
4.546805349182763689e-01
4.554896142433234596e-01
4.562962962962963109e-01
4.571005917159763343e-01
4.579025110782865560e-01
4.587020648967551351e-01
4.594992636229749405e-01
4.588235294117646856e-01
4.581497797356828272e-01
4.589442815249266672e-01
4.582723279648608927e-01
4.590643274853801192e-01
4.583941605839416122e-01
4.577259475218659057e-01
4.570596797671033218e-01
4.563953488372092804e-01
4.557329462989840319e-01
4.550724637681159424e-01
4.558610709117221216e-01
4.552023121387283044e-01
4.559884559884559985e-01
4.567723342939481457e-01
4.575539568345323715e-01
4.568965517241379559e-01
4.576757532281205409e-01
4.584527220630372768e-01
4.592274678111588071e-01
4.600000000000000200e-01
4.607703281027104025e-01
4.601139601139601076e-01
4.608819345661450684e-01
4.602272727272727071e-01
4.595744680851063801e-01
4.603399433427762255e-01
4.596888260254596847e-01
4.590395480225988867e-01
4.583921015514809683e-01
4.577464788732394374e-01
4.571026722925456975e-01
4.564606741573033477e-01
4.558204768583450361e-01
4.551820728291316454e-01
4.559440559440559593e-01
4.553072625698323939e-01
4.546722454672245672e-01
4.540389972144846520e-01
4.534075104311544036e-01
4.527777777777777790e-01
4.521497919556172196e-01
4.515235457063712099e-01
4.522821576763485507e-01
4.516574585635358963e-01
4.510344827586206806e-01
4.504132231404958664e-01
4.497936726272351859e-01
4.491758241758241899e-01
4.485596707818930162e-01
4.493150684931506711e-01
4.500683994528043574e-01
4.508196721311475419e-01
4.502046384720327366e-01
4.495912806539509310e-01
4.489795918367346927e-01
4.497282608695652439e-01
4.491180461329715157e-01
4.485094850948509460e-01
4.479025710419485828e-01
4.486486486486486736e-01
4.493927125506073095e-01
4.501347708894878896e-01
4.495289367429340377e-01
4.489247311827956888e-01
4.496644295302013594e-01
4.504021447721179849e-01
4.497991967871485808e-01
4.491978609625668639e-01
4.499332443257677006e-01
4.506666666666666599e-01
4.500665778961384644e-01
4.507978723404255095e-01
4.501992031872509847e-01
4.496021220159150955e-01
4.490066225165562641e-01
4.497354497354497105e-01
4.491413474240422699e-01
4.498680738786279831e-01
4.492753623188405765e-01
4.486842105263157965e-01
4.494086727989487495e-01
4.501312335958005395e-01
4.495412844036697497e-01
4.502617801047120172e-01
4.496732026143790972e-01
4.503916449086161622e-01
4.498044328552803228e-01
4.492187500000000000e-01
4.486345903771131183e-01
4.493506493506493338e-01
4.500648508430609707e-01
4.494818652849740803e-01
4.489003880983182260e-01
4.496124031007752153e-01
4.503225806451612856e-01
4.510309278350515538e-01
4.504504504504504570e-01
4.511568123393316365e-01
4.518613607188703418e-01
4.512820512820512886e-01
4.507042253521126862e-01
4.514066496163682829e-01
4.508301404853128913e-01
4.502551020408163129e-01
4.496815286624203933e-01
4.491094147582697094e-01
4.485387547649301032e-01
4.492385786802030601e-01
4.499366286438529761e-01
4.493670886075949444e-01
4.500632111251580136e-01
4.494949494949495028e-01
4.501891551071878772e-01
4.508816120906801173e-01
4.503144654088050425e-01
4.497487437185929693e-01
4.491844416562107978e-01
4.498746867167919827e-01
4.505632040050062681e-01
4.500000000000000111e-01
4.494382022471909988e-01
4.488778054862843092e-01
4.483188044831880603e-01
4.477611940298507620e-01
4.472049689440993903e-01
4.466501240694789043e-01
4.460966542750929298e-01
4.455445544554455517e-01
4.449938195302843291e-01
4.444444444444444198e-01
4.451294697903822595e-01
4.445812807881773243e-01
4.452644526445264650e-01
4.447174447174447320e-01
4.441717791411042837e-01
4.448529411764705621e-01
4.443084455324357585e-01
4.449877750611246907e-01
4.444444444444444198e-01
4.439024390243902496e-01
4.433617539585870682e-01
4.428223844282238586e-01
4.422843256379100918e-01
4.417475728155340065e-01
4.412121212121212221e-01
4.406779661016949068e-01
4.401451027811366656e-01
4.408212560386473577e-01
4.414957780458383385e-01
4.409638554216867568e-01
4.416365824308062793e-01
4.411057692307692180e-01
4.405762304921968520e-01
4.412470023980815115e-01
4.407185628742514849e-01
4.413875598086124397e-01
4.408602150537634379e-01
4.415274463007159977e-01
4.421930870083432552e-01
4.416666666666666519e-01
4.411414982164090226e-01
4.418052256532066235e-01
4.412811387900356097e-01
4.407582938388625582e-01
4.402366863905325389e-01
4.397163120567376127e-01
4.391971664698937627e-01
4.386792452830188815e-01
4.381625441696113121e-01
4.376470588235293890e-01
4.383078730904818032e-01
4.377934272300469387e-01
4.372801875732708066e-01
4.367681498829039666e-01
4.362573099415204547e-01
4.357476635514018759e-01
4.364060676779463188e-01
4.358974358974359031e-01
4.365541327124563553e-01
4.372093023255814170e-01
4.378629500580720202e-01
4.373549883990719422e-01
4.368482039397450500e-01
4.363425925925926152e-01
4.369942196531791945e-01
4.364896073903002383e-01
4.359861591695501915e-01
4.354838709677419373e-01
4.349827387802071565e-01
4.356321839080459779e-01
4.351320321469575036e-01
4.346330275229357554e-01
4.341351660939289925e-01
4.336384439359267651e-01
4.331428571428571628e-01
4.337899543378995193e-01
4.344355758266818524e-01
4.339407744874715367e-01
4.334470989761092241e-01
4.329545454545454808e-01
4.324631101021566559e-01
4.319727891156462385e-01
4.326160815402038673e-01
4.332579185520362142e-01
4.327683615819208907e-01
4.322799097065462837e-01
4.317925591882750824e-01
4.324324324324324564e-01
4.330708661417322913e-01
4.337078651685393194e-01
4.332210998877665808e-01
4.327354260089685822e-01
4.333706606942889228e-01
4.328859060402684422e-01
4.324022346368714964e-01
4.319196428571428492e-01
4.325529542920847348e-01
4.331848552338530278e-01
4.327030033370411477e-01
4.322222222222222299e-01
4.317425083240843398e-01
4.323725055432372510e-01
4.318936877076411940e-01
4.325221238938052881e-01
4.320441988950275980e-01
4.315673289183222794e-01
4.321940463065049864e-01
4.328193832599118718e-01
4.323432343234323572e-01
4.329670329670329831e-01
4.335894621295279805e-01
4.331140350877192846e-01
4.337349397590361533e-01
4.343544857768052436e-01
4.338797814207650538e-01
4.334061135371178874e-01
4.329334787350054281e-01
4.335511982570806055e-01
4.330794341675734405e-01
4.336956521739130377e-01
4.332247557003257588e-01
4.327548806941431403e-01
4.322860238353196105e-01
4.329004329004328966e-01
4.324324324324324564e-01
4.319654427645788219e-01
4.325782092772383902e-01
4.321120689655172376e-01
4.316469321851453267e-01
4.322580645161290258e-01
4.317937701396348249e-01
4.313304721030042921e-01
4.308681672025723719e-01
4.314775160599571557e-01
4.320855614973261871e-01
4.316239316239316448e-01
4.311632870864460787e-01
4.317697228144989352e-01
4.313099041533546285e-01
4.308510638297872175e-01
4.314558979808714168e-01
4.309978768577494845e-01
4.305408271474018833e-01
4.300847457627118842e-01
4.296296296296296391e-01
4.291754756871035692e-01
4.287222808870116419e-01
4.282700421940928148e-01
4.278187565858798669e-01
4.273684210526315641e-01
4.269190325972660460e-01
4.275210084033613245e-01
4.281217208814270814e-01
4.287211740041928509e-01
4.293193717277486998e-01
4.288702928870292697e-01
4.284221525600835911e-01
4.279749478079332148e-01
4.285714285714285476e-01
4.281249999999999778e-01
4.287200832466180889e-01
4.282744282744282982e-01
4.278296988577362514e-01
4.273858921161825530e-01
4.269430051813471461e-01
4.275362318840579823e-01
4.270941054808686799e-01
4.266528925619834656e-01
4.262125902992776050e-01
4.268041237113401887e-01
4.263645726055612650e-01
4.259259259259259300e-01
4.254881808838643642e-01
4.250513347022587540e-01
4.256410256410256276e-01
4.252049180327868716e-01
4.247697031729785189e-01
4.243353783231083587e-01
4.239019407558733410e-01
4.234693877551020669e-01
4.240570846075433220e-01
4.246435845213849536e-01
4.252288911495422097e-01
4.247967479674796820e-01
4.243654822335025112e-01
4.239350912778904745e-01
4.245187436676798320e-01
4.240890688259109087e-01
4.246713852376137743e-01
4.242424242424242542e-01
4.238143289606458031e-01
4.233870967741935609e-01
4.229607250755286763e-01
4.225352112676056260e-01
4.221105527638190913e-01
4.216867469879518326e-01
4.212637913741223428e-01
4.218436873747494764e-01
4.214214214214214160e-01
4.219999999999999862e-01
4.225774225774225901e-01
4.231536926147704825e-01
4.237288135593220151e-01
4.243027888446215257e-01
4.248756218905472837e-01
4.254473161033797135e-01
4.260178748758688960e-01
4.255952380952380820e-01
4.261645193260654163e-01
4.257425742574257321e-01
4.263105835806132449e-01
4.268774703557312034e-01
4.274432379072063415e-01
4.270216962524654991e-01
4.275862068965517460e-01
4.281496062992126150e-01
4.287118977384464236e-01
4.292730844793712919e-01
4.288518155053974712e-01
4.284313725490195846e-01
4.280117531831537647e-01
4.285714285714285476e-01
4.291300097751710729e-01
4.287109375000000000e-01
4.292682926829268220e-01
4.298245614035087758e-01
4.294060370009736838e-01
4.299610894941634509e-01
4.295432458697764910e-01
4.291262135922330190e-01
4.296799224054316246e-01
4.302325581395348708e-01
4.307841239109390097e-01
4.313346228239845481e-01
4.318840579710144789e-01
4.314671814671814931e-01
4.320154291224686527e-01
4.315992292870905467e-01
4.311838306063522364e-01
4.307692307692307931e-01
4.303554274735830742e-01
4.309021113243762247e-01
4.314477468839885144e-01
4.319923371647509391e-01
4.325358851674641070e-01
4.330783938814531386e-01
4.326647564469914276e-01
4.332061068702290352e-01
4.337464251668255444e-01
4.333333333333333481e-01
4.338725023786869639e-01
4.334600760456273627e-01
4.339981006647673500e-01
4.335863377609108227e-01
4.331753554502369430e-01
4.327651515151514916e-01
4.323557237464522029e-01
4.319470699432892413e-01
4.324834749763928343e-01
4.320754716981132226e-01
4.316682375117813497e-01
4.312617702448210966e-01
4.308560677328315824e-01
4.313909774436090472e-01
4.319248826291079979e-01
4.315196998123827510e-01
4.311152764761012057e-01
4.316479400749063666e-01
4.312441534144059729e-01
4.308411214953271062e-01
4.304388422035481110e-01
4.300373134328357994e-01
4.296365330848089248e-01
4.292364990689013227e-01
4.288372093023256060e-01
4.293680297397769463e-01
4.289693593314763409e-01
4.294990723562152057e-01
4.291010194624652607e-01
4.296296296296296391e-01
4.292321924144310574e-01
4.288354898336413923e-01
4.293628808864266011e-01
4.289667896678966974e-01
4.285714285714285476e-01
4.281767955801105141e-01
4.277828886844526335e-01
4.273897058823529216e-01
4.269972451790633450e-01
4.275229357798165375e-01
4.280476626947754548e-01
4.276556776556776351e-01
4.272644098810612912e-01
4.268738574040219502e-01
4.264840182648401701e-01
4.260948905109488982e-01
4.257064721969006649e-01
4.262295081967212851e-01
4.258416742493175700e-01
4.254545454545454741e-01
4.250681198910081782e-01
4.246823956442831172e-01
4.252039891205802169e-01
4.248188405797101441e-01
4.253393665158370918e-01
4.258589511754068968e-01
4.254742547425474086e-01
4.250902527075812176e-01
4.256086564472497669e-01
4.261261261261261035e-01
4.257425742574257321e-01
4.253597122302158473e-01
4.249775381850853795e-01
4.245960502692998073e-01
4.242152466367712926e-01
4.238351254480286490e-01
4.234556848701879761e-01
4.230769230769230727e-01
4.226988382484361262e-01
4.223214285714285698e-01
4.228367528991971436e-01
4.224598930481283654e-01
4.220837043633125507e-01
4.217081850533807574e-01
4.222222222222222210e-01
4.218472468916518725e-01
4.214729370008873377e-01
4.219858156028368779e-01
4.224977856510185870e-01
4.221238938053097356e-01
4.217506631299735020e-01
4.213780918727915159e-01
4.218887908208296400e-01
4.223985890652557362e-01
4.229074889867841525e-01
4.234154929577464976e-01
4.230430958663148888e-01
4.226713532513181049e-01
4.231782265144863886e-01
4.236842105263157743e-01
4.233128834355828207e-01
4.229422066549912707e-01
4.234470691163604306e-01
4.230769230769230727e-01
4.235807860262008617e-01
4.232111692844677253e-01
4.237140366172624240e-01
4.233449477351916568e-01
4.229765013054830325e-01
4.234782608695651929e-01
4.239791485664639592e-01
4.236111111111111049e-01
4.232437120555073706e-01
4.228769497400346467e-01
4.225108225108225035e-01
4.221453287197231563e-01
4.217804667242869288e-01
4.222797927461139911e-01
4.219154443485763628e-01
4.224137931034482873e-01
4.220499569336778611e-01
4.216867469879518326e-01
4.213241616509028620e-01
4.209621993127147799e-01
4.214592274678111705e-01
4.219554030874785866e-01
4.215938303341902338e-01
4.220890410958904049e-01
4.217279726261762285e-01
4.222222222222222210e-01
4.218616567036720943e-01
4.215017064846416361e-01
4.219948849104859234e-01
4.216354344122657527e-01
4.212765957446808485e-01
4.209183673469387710e-01
4.205607476635513930e-01
4.202037351443124180e-01
4.198473282442747867e-01
4.203389830508474367e-01
4.199830651989839292e-01
4.196277495769881738e-01
4.201183431952662528e-01
4.197635135135134865e-01
4.194092827004219370e-01
4.190556492411466882e-01
4.195450716090985410e-01
4.191919191919191712e-01
4.196804037005887333e-01
4.193277310924369838e-01
4.189756507136859764e-01
4.194630872483221529e-01
4.191114836546521172e-01
4.187604690117253115e-01
4.192468619246861872e-01
4.188963210702341122e-01
4.193817878028404111e-01
4.198664440734557468e-01
4.203502919099249557e-01
4.208333333333333370e-01
4.213155703580349631e-01
4.217970049916805464e-01
4.222776392352451946e-01
4.219269102990033105e-01
4.215767634854771795e-01
4.220563847429519289e-01
4.225352112676056260e-01
4.221854304635761501e-01
4.226633581472291068e-01
4.223140495867768740e-01
4.227910817506193020e-01
4.224422442244224474e-01
4.220939818631492257e-01
4.225700164744645715e-01
4.222222222222222210e-01
4.218750000000000000e-01
4.223500410846343645e-01
4.220032840722495737e-01
4.224774405250205089e-01
4.221311475409836311e-01
4.226044226044226026e-01
4.222585924713584404e-01
4.219133278822567723e-01
4.215686274509803932e-01
4.212244897959183665e-01
4.208809135399673718e-01
4.213528932355338208e-01
4.210097719869707045e-01
4.206672091131000712e-01
4.203252032520325421e-01
4.207961007311128987e-01
4.204545454545454697e-01
4.209245742092457276e-01
4.205834683954619013e-01
4.210526315789473450e-01
4.215210355987055180e-01
4.211802748585287137e-01
4.208400646203553919e-01
4.205004035512510119e-01
4.201612903225806495e-01
4.198227236099919546e-01
4.202898550724637472e-01
4.207562349155269388e-01
4.212218649517684987e-01
4.208835341365461669e-01
4.213483146067415475e-01
4.218123496391339433e-01
4.222756410256410242e-01
4.227381905524419392e-01
4.223999999999999977e-01
4.228617106314948026e-01
4.225239616613418736e-01
4.229848363926576038e-01
4.226475279106858274e-01
4.223107569721115673e-01
4.219745222929936479e-01
4.224343675417661093e-01
4.220985691573926890e-01
4.225575853852263641e-01
4.230158730158730118e-01
4.226804123711340178e-01
4.231378763866878168e-01
4.235946159936658795e-01
4.232594936708860556e-01
4.229249011857707519e-01
4.225908372827804071e-01
4.230465666929755231e-01
4.227129337539431986e-01
4.223798266351457831e-01
4.220472440944881831e-01
4.217151848937844005e-01
4.221698113207547065e-01
4.226237234878240101e-01
4.230769230769230727e-01
4.227450980392156721e-01
4.231974921630093922e-01
4.228660924040720248e-01
4.225352112676056260e-01
4.222048475371383836e-01
4.218750000000000000e-01
4.215456674473068155e-01
4.219968798751950190e-01
4.224473889321901932e-01
4.221183800623052873e-01
4.225680933852140053e-01
4.230171073094867729e-01
4.226884226884227158e-01
4.223602484472049889e-01
4.228083785880527579e-01
4.232558139534883801e-01
4.229279628195197760e-01
4.226006191950464341e-01
4.222737819025522144e-01
4.219474497681607317e-01
4.216216216216216450e-01
4.212962962962962798e-01
4.217424826522744863e-01
4.214175654853620778e-01
4.218629715165511662e-01
4.215384615384615286e-01
4.219830899308224526e-01
4.224270353302611580e-01
4.221028396009209316e-01
4.217791411042944860e-01
4.222222222222222210e-01
4.226646248085758062e-01
4.223412394797245728e-01
4.220183486238532344e-01
4.224598930481283654e-01
4.229007633587786308e-01
4.225781845919145963e-01
4.222560975609755962e-01
4.219345011424219249e-01
4.223744292237442965e-01
4.220532319391634979e-01
4.217325227963525935e-01
4.221716021260440432e-01
4.226100151745068034e-01
4.222896133434420052e-01
4.219696969696969946e-01
4.224072672218016633e-01
4.228441754916792972e-01
4.225245653817082392e-01
4.222054380664652662e-01
4.218867924528301727e-01
4.223227752639517329e-01
4.227581009796533285e-01
4.224397590361445576e-01
4.221218961625282096e-01
4.218045112781955153e-01
4.214876033057851079e-01
4.219219219219219053e-01
4.216054013503375830e-01
4.212893553223388543e-01
4.217228464419475742e-01
4.214071856287425200e-01
4.210919970082273589e-01
4.207772795216741524e-01
4.204630321135175430e-01
4.208955223880597174e-01
4.205816554809843621e-01
4.202682563338300814e-01
4.206999255398362059e-01
4.203869047619047672e-01
4.200743494423792024e-01
4.197622585438335885e-01
4.194506310319228159e-01
4.198813056379822051e-01
4.203113417346182601e-01
4.199999999999999845e-01
4.196891191709844482e-01
4.201183431952662528e-01
4.205469327420546799e-01
4.209748892171344403e-01
4.206642066420664405e-01
4.203539823008849430e-01
4.200442151805452995e-01
4.204712812960235691e-01
4.201618837380426963e-01
4.198529411764705954e-01
4.202792064658339433e-01
4.207048458149779679e-01
4.203961848862802775e-01
4.200879765395894583e-01
4.197802197802197877e-01
4.194729136163982686e-01
4.191660570592538604e-01
4.188596491228070429e-01
4.192841490138787264e-01
4.189781021897810431e-01
4.186725018234865314e-01
4.183673469387755306e-01
4.180626365622723828e-01
4.177583697234352189e-01
4.181818181818181546e-01
4.178779069767442067e-01
4.175744371822803225e-01
4.172714078374455959e-01
4.176939811457577867e-01
4.181159420289854989e-01
4.178131788559015236e-01
4.175108538350217335e-01
4.179320318148951330e-01
4.176300578034682354e-01
4.180505415162454885e-01
4.184704184704184926e-01
4.181687094448449660e-01
4.178674351585014435e-01
4.182865370770338376e-01
4.187050359712229941e-01
4.184040258806613899e-01
4.181034482758620441e-01
4.178033022254127871e-01
4.182209469153514991e-01
4.186379928315412391e-01
4.190544412607449809e-01
4.187544738725841320e-01
4.184549356223176142e-01
4.181558255897069309e-01
4.178571428571428714e-01
4.175588865096359625e-01
4.172610556348074207e-01
4.176764076977904638e-01
4.173789173789173579e-01
4.170818505338078075e-01
4.167852062588904838e-01
4.164889836531627809e-01
4.161931818181818232e-01
4.158977998580553614e-01
4.156028368794326133e-01
4.160170092133239073e-01
4.157223796033994168e-01
4.154281670205237087e-01
4.151343705799151462e-01
4.155477031802120025e-01
4.152542372881355970e-01
4.149611856033874613e-01
4.146685472496474123e-01
4.150810429880197328e-01
4.154929577464788748e-01
4.152005629838141920e-01
4.149085794655414938e-01
4.146170063246661930e-01
4.143258426966291985e-01
4.140350877192982559e-01
4.144460028050490630e-01
4.148563419761737703e-01
4.152661064425770543e-01
4.156752974107767451e-01
4.153846153846154077e-01
4.150943396226415283e-01
4.148044692737430372e-01
4.152128401953942838e-01
4.149232914923291493e-01
4.146341463414633943e-01
4.143454038997214650e-01
4.140570633263743749e-01
4.144645340751043072e-01
4.141765114662960268e-01
4.138888888888888618e-01
4.136016655100624440e-01
4.133148404993065017e-01
4.137214137214137444e-01
4.141274238227146687e-01
4.138408304498270018e-01
4.135546334716458938e-01
4.132688320663441828e-01
4.136740331491712830e-01
4.133885438233264598e-01
4.137931034482758563e-01
4.141971054445210410e-01
4.146005509641873532e-01
4.143152099105299468e-01
4.147180192572214597e-01
4.151202749140893711e-01
4.148351648351648602e-01
4.145504461221688475e-01
4.142661179698216567e-01
4.146675805346127230e-01
4.143835616438356073e-01
4.140999315537303160e-01
4.145006839945280519e-01
4.142173615857826507e-01
4.139344262295082122e-01
4.136518771331058053e-01
4.133697135061391581e-01
4.137695978186775592e-01
4.134877384196185557e-01
4.132062627637849150e-01
4.136054421768707301e-01
4.133242692046227296e-01
4.130434782608695676e-01
4.127630685675492406e-01
4.124830393487110003e-01
4.128813559322033755e-01
4.132791327913278856e-01
4.129993229519295928e-01
4.127198917456021410e-01
4.124408384043272702e-01
4.121621621621621712e-01
4.118838622552329354e-01
4.116059379217273939e-01
4.120026972353337813e-01
4.117250673854447318e-01
4.121212121212121104e-01
4.125168236877523320e-01
4.122394082044384400e-01
4.126344086021505597e-01
4.123572867696440603e-01
4.127516778523490082e-01
4.124748490945673862e-01
4.121983914209115252e-01
4.119223040857334373e-01
4.116465863453815377e-01
4.113712374581939835e-01
4.110962566844919563e-01
4.108216432865731682e-01
4.105473965287049221e-01
4.102735156771180614e-01
4.099999999999999756e-01
4.097268487674883275e-01
4.094540612516644473e-01
4.091816367265468934e-01
4.095744680851063912e-01
4.099667774086378502e-01
4.103585657370518169e-01
4.100862641008626297e-01
4.098143236074270335e-01
4.095427435387674064e-01
4.092715231788079389e-01
4.090006618133686378e-01
4.087301587301587213e-01
4.084600132187706789e-01
4.088507265521796330e-01
4.085808580858085737e-01
4.083113456464380064e-01
4.087013843111403921e-01
4.090909090909091161e-01
4.088215931533903946e-01
4.085526315789473895e-01
4.082840236686390289e-01
4.080157687253613830e-01
4.077478660538411126e-01
4.081364829396325611e-01
4.085245901639344424e-01
4.089121887287024970e-01
4.086444007858546223e-01
4.083769633507853269e-01
4.087638979725310429e-01
4.091503267973856106e-01
4.088830829523187327e-01
4.092689295039164676e-01
4.096542726679712754e-01
4.100391134289439465e-01
4.097719869706840656e-01
4.101562500000000000e-01
4.098893949251788960e-01
4.102730819245773985e-01
4.106562703053930896e-01
4.103896103896104153e-01
4.107722258273848182e-01
4.111543450064850669e-01
4.108878807517822307e-01
4.112694300518134893e-01
4.116504854368931987e-01
4.113842173350581999e-01
4.111182934712346304e-01
4.114987080103358896e-01
4.112330535829567535e-01
4.116129032258064591e-01
4.113475177304964370e-01
4.110824742268041065e-01
4.114616870573084562e-01
4.118404118404118130e-01
4.115755627009646256e-01
4.113110539845758473e-01
4.110468850353243275e-01
4.107830551989730683e-01
4.111610006414367913e-01
4.115384615384615197e-01
4.112748238308776561e-01
4.110115236875800382e-01
4.113883557261676094e-01
4.111253196930946263e-01
4.108626198083066838e-01
4.106002554278416206e-01
4.109763880025526506e-01
4.113520408163265363e-01
4.117272147864882159e-01
4.114649681528662617e-01
4.112030553787396348e-01
4.109414758269719914e-01
4.106802288620470254e-01
4.110546378653113231e-01
4.107936507936507664e-01
4.105329949238578635e-01
4.102726696258718886e-01
4.100126742712293937e-01
4.097530082330588797e-01
4.094936708860759667e-01
4.092346616065781206e-01
4.089759797724399348e-01
4.087176247631080228e-01
4.084595959595959669e-01
4.082018927444794887e-01
4.079445145018915642e-01
4.076874606175173166e-01
4.074307304785894090e-01
4.078036500943990061e-01
4.075471698113207752e-01
4.072910119421747077e-01
4.076633165829145478e-01
4.074074074074073848e-01
4.071518193224591964e-01
4.068965517241379115e-01
4.066416040100250817e-01
4.070131496556042561e-01
4.073842302878598054e-01
4.077548467792370124e-01
4.074999999999999734e-01
4.072454715802623637e-01
4.076154806491885108e-01
4.073611977542108686e-01
4.077306733167082031e-01
4.080996884735202390e-01
4.084682440846824636e-01
4.082140634723086525e-01
4.079601990049750992e-01
4.077066500932255977e-01
4.074534161490683259e-01
4.072004965859714609e-01
4.069478908188585708e-01
4.066955982641041745e-01
4.064436183395291335e-01
4.061919504643962675e-01
4.059405940594059681e-01
4.056895485466914253e-01
4.054388133498145752e-01
4.051883878937616035e-01
4.055555555555555580e-01
4.059222702035780173e-01
4.062885326757090243e-01
4.060382008626001182e-01
4.057881773399014680e-01
4.061538461538461431e-01
4.059040590405904037e-01
4.056545789797172952e-01
4.054054054054054279e-01
4.051565377532228562e-01
4.049079754601226933e-01
4.046597179644390030e-01
4.044117647058823595e-01
4.041641151255358499e-01
4.039167686658506895e-01
4.036697247706422242e-01
4.034229828850856014e-01
4.037874160048869898e-01
4.041514041514041589e-01
4.039048200122025700e-01
4.036585365853658791e-01
4.040219378427787889e-01
4.043848964677222990e-01
4.047474132684114601e-01
4.045012165450121433e-01
4.048632218844984698e-01
4.046172539489671927e-01
4.043715846994535568e-01
4.041262135922329968e-01
4.038811400848999478e-01
4.042424242424242364e-01
4.039975772259236653e-01
4.037530266343825613e-01
4.041137326073805380e-01
4.038694074969770287e-01
4.042296072507552962e-01
4.045893719806763489e-01
4.043452021726010592e-01
4.041013268998793762e-01
4.044605183845690344e-01
4.042168674698795039e-01
4.045755568934377155e-01
4.049338146811071182e-01
4.046903187011425262e-01
4.044471153846153633e-01
4.048048048048047964e-01
4.051620648259303681e-01
4.055188962207558756e-01
4.058752997601918211e-01
4.062312762133013511e-01
4.065868263473053634e-01
4.063435068821065199e-01
4.061004784688995173e-01
4.058577405857740628e-01
4.056152927120669216e-01
4.053731343283581978e-01
4.051312649164677815e-01
4.048896839594514074e-01
4.046483909415971580e-01
4.044073853484216885e-01
4.041666666666666741e-01
4.039262343842950354e-01
4.036860879904874966e-01
4.034462269756387554e-01
4.032066508313539299e-01
4.035608308605341255e-01
4.039145907473309371e-01
4.042679312388856028e-01
4.040284360189573265e-01
4.037892243931320291e-01
4.035502958579881838e-01
4.033116499112950892e-01
4.030732860520094829e-01
4.034258712344949704e-01
4.037780401416765086e-01
4.035398230088495519e-01
4.038915094339622369e-01
4.036535061873894881e-01
4.034157832744404981e-01
4.037669217186580228e-01
4.035294117647058587e-01
4.032921810699588439e-01
4.036427732079905795e-01
4.034057545507926945e-01
4.031690140845070602e-01
4.029325513196481134e-01
4.032825322391559442e-01
4.036321031048623054e-01
4.033957845433255307e-01
4.031597425394967682e-01
4.035087719298245390e-01
4.032729398012858124e-01
4.030373831775700966e-01
4.033858727378867304e-01
4.037339556592765555e-01
4.040816326530612401e-01
4.038461538461538547e-01
4.041933605125218598e-01
4.039580908032596174e-01
4.037230948225712379e-01
4.034883720930232398e-01
4.032539221382916983e-01
4.030197444831591369e-01
4.027858386535113078e-01
4.025522041763340830e-01
4.023188405797101241e-01
4.020857473928157733e-01
4.024319629415170629e-01
4.021990740740740700e-01
4.019664545980335402e-01
4.023121387283237205e-01
4.026574234546504982e-01
4.024249422632794615e-01
4.027697634160415374e-01
4.025374855824682685e-01
4.028818443804034755e-01
4.026497695852534475e-01
4.029936672423719002e-01
4.027617951668584495e-01
4.031052328924669137e-01
4.028735632183907955e-01
4.026421596783457679e-01
4.029850746268656692e-01
4.027538726333906860e-01
4.025229357798165153e-01
4.028653295128939993e-01
4.026345933562428536e-01
4.029765311963365848e-01
4.027459954233409412e-01
4.030874785591766485e-01
4.034285714285714142e-01
4.037692747001713212e-01
4.041095890410958957e-01
4.038790644609241420e-01
4.036488027366020304e-01
4.034188034188034289e-01
4.031890660592254982e-01
4.029595902105862493e-01
4.027303754266211566e-01
4.030699260943718110e-01
4.028409090909090828e-01
4.026121521862577879e-01
4.023836549375709448e-01
4.021554169030062131e-01
4.019274376417233396e-01
4.022662889518413554e-01
4.020385050962627660e-01
4.018109790605546294e-01
4.015837104072398356e-01
4.019219898247597400e-01
4.022598870056497411e-01
4.020327498588368020e-01
4.023702031602708895e-01
4.021432600112803124e-01
4.019165727170236901e-01
4.016901408450704314e-01
4.014639639639639435e-01
4.018007878446820391e-01
4.015748031496063075e-01
4.013490725126475644e-01
4.016853932584269482e-01
4.014598540145985495e-01
4.012345679012345734e-01
4.010095344924284877e-01
4.007847533632287185e-01
4.005602240896358746e-01
4.008958566629339249e-01
4.012311135982092880e-01
4.015659955257270819e-01
4.019005030743432183e-01
4.016759776536312776e-01
4.014517029592406527e-01
4.012276785714285476e-01
4.010039040713887504e-01
4.007803790412485800e-01
4.005571030640668329e-01
4.003340757238307290e-01
4.006677796327212104e-01
4.004449388209121441e-01
4.007782101167315369e-01
4.005555555555555536e-01
4.003331482509716599e-01
4.001109877913429647e-01
3.998890737659456240e-01
3.996674057649667322e-01
3.994459833795013792e-01
3.992248062015503751e-01
3.990038738240176963e-01
3.987831858407079877e-01
3.985627418463239535e-01
3.983425414364640815e-01
3.986747653230259258e-01
3.984547461368653232e-01
3.982349696635411052e-01
3.980154355016538026e-01
3.983471074380165455e-01
3.981277533039647709e-01
3.984589983489267850e-01
3.982398239823982666e-01
3.980208905992303481e-01
3.978021978021977767e-01
3.975837451949478241e-01
3.973655323819977880e-01
3.971475589687328833e-01
3.969298245614035214e-01
3.972602739726027177e-01
3.975903614457831359e-01
3.973727422003284215e-01
3.977024070021881741e-01
3.974849644614543709e-01
3.972677595628415492e-01
3.970507919169852795e-01
3.968340611353711744e-01
3.966175668303327795e-01
3.964013086150490750e-01
3.961852861035422557e-01
3.959694989106753993e-01
3.957539466521502458e-01
3.955386289445049219e-01
3.953235454051114983e-01
3.956521739130434701e-01
3.959804454101031879e-01
3.963083604777415947e-01
3.960933260987520299e-01
3.958785249457700828e-01
3.956639566395663832e-01
3.954496208017334591e-01
3.952355170546832941e-01
3.950216450216449959e-01
3.948080043266630756e-01
3.945945945945946165e-01
3.943814154511074976e-01
3.947084233261339281e-01
3.944954128440367191e-01
3.942826321467098327e-01
3.940700808625337004e-01
3.938577586206896686e-01
3.936456650511577782e-01
3.934337997847147661e-01
3.937600860677784032e-01
3.935483870967741993e-01
3.933369156367544361e-01
3.936627282491944047e-01
3.934514224369297097e-01
3.937768240343347825e-01
3.941018766756032021e-01
3.938906752411575618e-01
3.936797000535618429e-01
3.940042826552462296e-01
3.937934724451578328e-01
3.941176470588235170e-01
3.939070016034206256e-01
3.942307692307692180e-01
3.940202883075280549e-01
3.938100320170757618e-01
3.936000000000000054e-01
3.939232409381663302e-01
3.937133724027703785e-01
3.935037273695420890e-01
3.932943054816391837e-01
3.930851063829787218e-01
3.934077618288144840e-01
3.931987247608926817e-01
3.929899097185342582e-01
3.927813163481953529e-01
3.925729442970822269e-01
3.928950159066808001e-01
3.926868044515103295e-01
3.924788135593220151e-01
3.922710428798306115e-01
3.925925925925926041e-01
3.923849814912744316e-01
3.921775898520084569e-01
3.919704173269941694e-01
3.917634635691658040e-01
3.920844327176781219e-01
3.918776371308017037e-01
3.916710595677385109e-01
3.914646996838777593e-01
3.912585571353343616e-01
3.915789473684210265e-01
3.913729615991583533e-01
3.911671924290220925e-01
3.909616395165528280e-01
3.912815126050420145e-01
3.910761154855643129e-01
3.908709338929695631e-01
3.906659674882013711e-01
3.904612159329140519e-01
3.902566788894709093e-01
3.900523560209424034e-01
3.898482469911041526e-01
3.901673640167364066e-01
3.899634082592786100e-01
3.897596656217345856e-01
3.895561357702350125e-01
3.893528183716075119e-01
3.896713615023474353e-01
3.899895724713243195e-01
3.897863470557582088e-01
3.901041666666666408e-01
3.899010931806350944e-01
3.896982310093652369e-01
3.894955798231929389e-01
3.892931392931393009e-01
3.890909090909090984e-01
3.888888888888888951e-01
3.886870783601453216e-01
3.890041493775933668e-01
3.888024883359253447e-01
3.886010362694300446e-01
3.883997928534438371e-01
3.881987577639751663e-01
3.879979306777030512e-01
3.877973112719751980e-01
3.875968992248062239e-01
3.873966942148760473e-01
3.871966959215281112e-01
3.875128998968008220e-01
3.873130479628674738e-01
3.871134020618556826e-01
3.869139618753220100e-01
3.872296601441812536e-01
3.870303654143077976e-01
3.868312757201646246e-01
3.866323907455012643e-01
3.869475847893114051e-01
3.872624550590652026e-01
3.870636550308008128e-01
3.868650590046177618e-01
3.871794871794871917e-01
3.869810353664787095e-01
3.867827868852459217e-01
3.865847414234511170e-01
3.863868986693961283e-01
3.861892583120204447e-01
3.859918200408997691e-01
3.857945835462442408e-01
3.855975485188968266e-01
3.859111791730474583e-01
3.857142857142857317e-01
3.855175930647628535e-01
3.858307849133537082e-01
3.856342333163525482e-01
3.859470468431772106e-01
3.862595419847328349e-01
3.860630722278738380e-01
3.863751906456532881e-01
3.861788617886178776e-01
3.859827323514474218e-01
3.857868020304568435e-01
3.855910705225773505e-01
3.853955375253549920e-01
3.852002027369488268e-01
3.850050658561297023e-01
3.848101265822784778e-01
3.851214574898785270e-01
3.854324734446130662e-01
3.857431749241658214e-01
3.855482566953006840e-01
3.853535353535353369e-01
3.851590106007067305e-01
3.849646821392532781e-01
3.847705496722138019e-01
3.850806451612903136e-01
3.853904282115869218e-01
3.856998992950654848e-01
3.855057876195269184e-01
3.853118712273642110e-01
3.851181498240321965e-01
3.849246231155779019e-01
3.847312908086388816e-01
3.845381526104417746e-01
3.843452082288008054e-01
3.846539618856569809e-01
3.849624060150376170e-01
3.847695390781563085e-01
3.850776164246369482e-01
3.848848848848848703e-01
3.846923461730865634e-01
3.850000000000000089e-01
3.848075962018990270e-01
3.846153846153846367e-01
3.844233649525711227e-01
3.842315369261476987e-01
3.840399002493765646e-01
3.838484546360917404e-01
3.836571998006975681e-01
3.834661354581673232e-01
3.832752613240418271e-01
3.830845771144278378e-01
3.828940825459969943e-01
3.827037773359840966e-01
3.825136612021857729e-01
3.823237338629592585e-01
3.821339950372208416e-01
3.819444444444444198e-01
3.817550818046603900e-01
3.815659068384539276e-01
3.813769192669638208e-01
3.811881188118811936e-01
3.809995051954477852e-01
3.808110781404550060e-01
3.806228373702422174e-01
3.804347826086956763e-01
3.802469135802469258e-01
3.800592300098716847e-01
3.803650715342871136e-01
3.806706114398422103e-01
3.804829965500246547e-01
3.802955665024630449e-01
3.801083210241260613e-01
3.804133858267716439e-01
3.802262666010821635e-01
3.805309734513274145e-01
3.803439803439803701e-01
3.801571709233791951e-01
3.799705449189985096e-01
3.802747791952895140e-01
3.800882785679254305e-01
3.799019607843137081e-01
3.802057814796668267e-01
3.800195886385896449e-01
3.798335780714635068e-01
3.796477495107631883e-01
3.794621026894865468e-01
3.792766373411534664e-01
3.795798729848559039e-01
3.793945312500000000e-01
3.792093704245973473e-01
3.790243902439024426e-01
3.793271574841540761e-01
3.796296296296296502e-01
3.794447150511446876e-01
3.792599805258032863e-01
3.790754257907542613e-01
3.793774319066147704e-01
3.791929995138551557e-01
3.790087463556851555e-01
3.788246721709567777e-01
3.791262135922330301e-01
3.794274623968947324e-01
3.797284190106692270e-01
3.795443528841492831e-01
3.798449612403100861e-01
3.796610169491525522e-01
3.794772507260406602e-01
3.792936623125302553e-01
3.791102514506770049e-01
3.789270178830352886e-01
3.787439613526570326e-01
3.790439401255432106e-01
3.793436293436293627e-01
3.796430294259527383e-01
3.794599807135969338e-01
3.792771084337349663e-01
3.790944123314065606e-01
3.789118921521424932e-01
3.787295476419634266e-01
3.785473785473785213e-01
3.788461538461538325e-01
3.786641037962518164e-01
3.784822286263208602e-01
3.783005280844934926e-01
3.781190019193857998e-01
3.779376498800959272e-01
3.777564717162032459e-01
3.775754671777671323e-01
3.773946360153256907e-01
3.772139779798946990e-01
3.770334928229664984e-01
3.768531802965088273e-01
3.766730401529636563e-01
3.769708552317247996e-01
3.767908309455587634e-01
3.766109785202864102e-01
3.764312977099236734e-01
3.762517882689556670e-01
3.765490943755958053e-01
3.763696998570748020e-01
3.761904761904761862e-01
3.764873869585911303e-01
3.763082778306374721e-01
3.761293390394674363e-01
3.764258555133079831e-01
3.762470308788598561e-01
3.760683760683760646e-01
3.763644992880873508e-01
3.761859582542694258e-01
3.760075865339023160e-01
3.758293838862559189e-01
3.756513500710563780e-01
3.754734848484848619e-01
3.757690487458589801e-01
3.755912961210974288e-01
3.754137115839243366e-01
3.752362948960302202e-01
3.755314123760037925e-01
3.758262511803588390e-01
3.756488909863143211e-01
3.759433962264150941e-01
3.757661480433757695e-01
3.755890669180018682e-01
3.754121526142251697e-01
3.752354048964218203e-01
3.750588235294117778e-01
3.748824082784572020e-01
3.747061589092618439e-01
3.745300751879699352e-01
3.748238609675904054e-01
3.746478873239436624e-01
3.744720788362271291e-01
3.742964352720450361e-01
3.741209563994374321e-01
3.739456419868790737e-01
3.742388758782201341e-01
3.740636704119850164e-01
3.738886289190453960e-01
3.737137511693170988e-01
3.735390369331463289e-01
3.738317757009345654e-01
3.741242410088743697e-01
3.739495798319327768e-01
3.737750816612225857e-01
3.736007462686566916e-01
3.734265734265734271e-01
3.737185461323392355e-01
3.735444806707032828e-01
3.733705772811918289e-01
3.731968357375523571e-01
3.730232558139535137e-01
3.728498372849837206e-01
3.726765799256505640e-01
3.725034835113794629e-01
3.723305478180130024e-01
3.721577726218097681e-01
3.719851576994434028e-01
3.722763096893834112e-01
3.721037998146431991e-01
3.719314497452524404e-01
3.722222222222222321e-01
3.720499768625636361e-01
3.723404255319148759e-01
3.721682847896440327e-01
3.719963031423290101e-01
3.718244803695149869e-01
3.721144967682363802e-01
3.719427780341486023e-01
3.717712177121771377e-01
3.720608575380359717e-01
3.718894009216590080e-01
3.717181022570243965e-01
3.715469613259668735e-01
3.713759779107225212e-01
3.712051517939282674e-01
3.710344827586206651e-01
3.708639705882352811e-01
3.711529627928341624e-01
3.709825528007346107e-01
3.708122992198256140e-01
3.706422018348624059e-01
3.704722604309949596e-01
3.703024747937672112e-01
3.705909299129638290e-01
3.704212454212454375e-01
3.702517162471395951e-01
3.700823421774931399e-01
3.699131229995427650e-01
3.702010968921389256e-01
3.700319780721790797e-01
3.703196347031963431e-01
3.701506161570059517e-01
3.699817518248175174e-01
3.698130414956680156e-01
3.696444849589790582e-01
3.699316628701594389e-01
3.697632058287795842e-01
3.695949021392808120e-01
3.694267515923566614e-01
3.692587539790814222e-01
3.690909090909090806e-01
3.689232167196728751e-01
3.692098092643051888e-01
3.694961416250567288e-01
3.693284936479128699e-01
3.691609977324262770e-01
3.689936536718041449e-01
3.688264612596284797e-01
3.686594202898550998e-01
3.684925305568130249e-01
3.683257918552036436e-01
3.681592039800994920e-01
3.679927667269439207e-01
3.678264798915499290e-01
3.676603432700993879e-01
3.674943566591422073e-01
3.673285198555956699e-01
3.671628326567433209e-01
3.669972948602344687e-01
3.668319062640829076e-01
3.666666666666666408e-01
3.669518235029265996e-01
3.672367236723672601e-01
3.670715249662618307e-01
3.669064748201438797e-01
3.667415730337078572e-01
3.665768194070080921e-01
3.668612483161203253e-01
3.666965888689407427e-01
3.665320771646478071e-01
3.663677130044842856e-01
3.662034961900493268e-01
3.660394265232975175e-01
3.658755038065382714e-01
3.657117278424351081e-01
3.655480984340044870e-01
3.658318425760286319e-01
3.656683057666517689e-01
3.659517426273458662e-01
3.657882983474765592e-01
3.660714285714285476e-01
3.663543061133422429e-01
3.661909009812667204e-01
3.660276415514935322e-01
3.658645276292334936e-01
3.661469933184855474e-01
3.659839715048975872e-01
3.658210947930574108e-01
3.661032028469750621e-01
3.663850600266785329e-01
3.662222222222222268e-01
3.665037760995113469e-01
3.663410301953818893e-01
3.661784287616511313e-01
3.660159716060337187e-01
3.658536585365853577e-01
3.656914893617021489e-01
3.655294638901196436e-01
3.653675819309122885e-01
3.652058432934927046e-01
3.650442477876106318e-01
3.648827952233524852e-01
3.651635720601237867e-01
3.650022094564737141e-01
3.648409893992932695e-01
3.646799116997792578e-01
3.645189761694616060e-01
3.643581826202029195e-01
3.641975308641975384e-01
3.640370207139709269e-01
3.643171806167400661e-01
3.641567591369440637e-01
3.644366197183098732e-01
3.647162340519137791e-01
3.645558487247141377e-01
3.648351648351648158e-01
3.646748681898066557e-01
3.645147123407992962e-01
3.643546971027216697e-01
3.641948222904782817e-01
3.640350877192982670e-01
3.638754932047347790e-01
3.641542506573181570e-01
3.639947437582128908e-01
3.638353765323992794e-01
3.641137855579868465e-01
3.639545056867891648e-01
3.637953651071272332e-01
3.640734265734265618e-01
3.639143730886850170e-01
3.637554585152838471e-01
3.635966826713225575e-01
3.634380453752181772e-01
3.632795464457043155e-01
3.635571054925893497e-01
3.638344226579520724e-01
3.636759581881532921e-01
3.635176316935132546e-01
3.637946040034812922e-01
3.636363636363636465e-01
3.634782608695651951e-01
3.637548891786179794e-01
3.640312771503040890e-01
3.643074250976986450e-01
3.645833333333333148e-01
3.644251626898047935e-01
3.642671292281006168e-01
3.641092327698309261e-01
3.639514731369150602e-01
3.642269380684278746e-01
3.640692640692640425e-01
3.639117265253137279e-01
3.637543252595155652e-01
3.635970600951145548e-01
3.634399308556611752e-01
3.637149028077753532e-01
3.639896373056994983e-01
3.642641346568838978e-01
3.641069887834340046e-01
3.643811987925830165e-01
3.642241379310344751e-01
3.640672124084446404e-01
3.643410852713178105e-01
3.641842445114076843e-01
3.640275387263339213e-01
3.638709677419355026e-01
3.637145313843508365e-01
3.635582294800172032e-01
3.634020618556700888e-01
3.636753971661657592e-01
3.635193133047210368e-01
3.633633633633633897e-01
3.632075471698112956e-01
3.630518645520788845e-01
3.628963153384747176e-01
3.631691648822270024e-01
3.630136986301369939e-01
3.628583654257594993e-01
3.627031650983746913e-01
3.629756306113723907e-01
3.628205128205128083e-01
3.626655275523280597e-01
3.625106746370623245e-01
3.623559539052496614e-01
3.626279863481228771e-01
3.628997867803838151e-01
3.631713554987212045e-01
3.630166169578185054e-01
3.628620102214650811e-01
3.627075351213282506e-01
3.625531914893617147e-01
3.623989791578051678e-01
3.622448979591836871e-01
3.625159371015724830e-01
3.623619371282922885e-01
3.622080679405519921e-01
3.620543293718166411e-01
3.623249893932965482e-01
3.621713316369805091e-01
3.620178041543026803e-01
3.618644067796610297e-01
3.617111393477340231e-01
3.615580016934801244e-01
3.614049936521371298e-01
3.612521150592216679e-01
3.610993657505285337e-01
3.613693998309382982e-01
3.612167300380227930e-01
3.610641891891891997e-01
3.609117771211481362e-01
3.607594936708860556e-01
3.606073386756643018e-01
3.604553119730185551e-01
3.603034134007585543e-01
3.601516427969671530e-01
3.604210526315789198e-01
3.602693602693602948e-01
3.601177955405974185e-01
3.599663582842724807e-01
3.598150483396385102e-01
3.596638655462184864e-01
3.595128097438051173e-01
3.593618807724601183e-01
3.596307175828787339e-01
3.594798657718120682e-01
3.593291404612159456e-01
3.591785414920368735e-01
3.590280687054880349e-01
3.588777219430485665e-01
3.587275010464629488e-01
3.585774058577405610e-01
3.588456712672521975e-01
3.586956521739130266e-01
3.585457584621813409e-01
3.588137009189640847e-01
3.590814196242171352e-01
3.589315525876460855e-01
3.587818105965790427e-01
3.586321934945788104e-01
3.588995414756148139e-01
3.587500000000000133e-01
3.586005830903790104e-01
3.584512905911740321e-01
3.583021223470661543e-01
3.585690515806988499e-01
3.584199584199584399e-01
3.582709891936824431e-01
3.581221437474034208e-01
3.583887043189368793e-01
3.582399335823993614e-01
3.580912863070539465e-01
3.583575279966818572e-01
3.586235489220563899e-01
3.584749274761707682e-01
3.583264291632145548e-01
3.581780538302277161e-01
3.580298013245032940e-01
3.578816714935870724e-01
3.577336641852770782e-01
3.575857792476229702e-01
3.574380165289255951e-01
3.572903758777364880e-01
3.571428571428571508e-01
3.569954601733388300e-01
3.572607260726072820e-01
3.571134020618556559e-01
3.573784006595218665e-01
3.572311495673671233e-01
3.570840197693574969e-01
3.569370111156854875e-01
3.572016460905349522e-01
3.570547099958864545e-01
3.569078947368420907e-01
3.567612001644061004e-01
3.570254724732949692e-01
3.568788501026693982e-01
3.567323481116584372e-01
3.565859663520722367e-01
3.568498769483182675e-01
3.567035670356703547e-01
3.565573770491803351e-01
3.564113068414584418e-01
3.562653562653562700e-01
3.565288579615227271e-01
3.563829787234042423e-01
3.562372188139059093e-01
3.560915780866721336e-01
3.559460563955864076e-01
3.558006535947712545e-01
3.556553695385871738e-01
3.555102040816326414e-01
3.553651570787433878e-01
3.552202283849918429e-01
3.550754178556869145e-01
3.549307253463732659e-01
3.551934826883910157e-01
3.550488599348534113e-01
3.549043549043549017e-01
3.547599674532139757e-01
3.546156974379829352e-01
3.544715447154471732e-01
3.547338480292563934e-01
3.545897644191713938e-01
3.544457978075517546e-01
3.547077922077921941e-01
3.549695740365111374e-01
3.548256285482562777e-01
3.546817997567896508e-01
3.549432739059967812e-01
3.552045362494937186e-01
3.550607287449392691e-01
3.549170376365843871e-01
3.547734627831715115e-01
3.546300040436716761e-01
3.544866612772837322e-01
3.543434343434343492e-01
3.542003231017770704e-01
3.540573274121921465e-01
3.543179983857949744e-01
3.545784590560709937e-01
3.544354838709677380e-01
3.542926239419588730e-01
3.541498791297341131e-01
3.540072492952074379e-01
3.538647342995169254e-01
3.541247484909456622e-01
3.543845534995977431e-01
3.542420587052673708e-01
3.540996784565916267e-01
3.539574126155082268e-01
3.538152610441767099e-01
3.536732236049779377e-01
3.535313001605136507e-01
3.533894905736060799e-01
3.532477947072975022e-01
3.531062124248496858e-01
3.529647435897436125e-01
3.532238686423708196e-01
3.530824659727782033e-01
3.529411764705882582e-01
3.528000000000000025e-01
3.526589364254298364e-01
3.525179856115107646e-01
3.523771474230922851e-01
3.522364217252396124e-01
3.520958083832335106e-01
3.519553072625698498e-01
3.518149182289589394e-01
3.516746411483253620e-01
3.519330410522120145e-01
3.517928286852589626e-01
3.516527279968140185e-01
3.519108280254776844e-01
3.521687226422602346e-01
3.520286396181384059e-01
3.518886679920477101e-01
3.521462639109698145e-01
3.524036551450139276e-01
3.522637013502780134e-01
3.521238586740770282e-01
3.519841269841270104e-01
3.518445061483538305e-01
3.517049960348929694e-01
3.515655965120887960e-01
3.514263074484944571e-01
3.512871287128712661e-01
3.511480601741884255e-01
3.514048278591214713e-01
3.512658227848101111e-01
3.511269276393831351e-01
3.513833992094861913e-01
3.512445673646780175e-01
3.515007898894154659e-01
3.513620213185945640e-01
3.512233622730860372e-01
3.510848126232741784e-01
3.509463722397476171e-01
3.508080409932991528e-01
3.506698187549251444e-01
3.505317053958251217e-01
3.503937007874015630e-01
3.502558048012593406e-01
3.505114083398898628e-01
3.503735745182854910e-01
3.502358490566037652e-01
3.504911591355599487e-01
3.503534956794972510e-01
3.502159403219474165e-01
3.500784929356358099e-01
3.499411533934876362e-01
3.498039215686274406e-01
3.496667973343786651e-01
3.495297805642633149e-01
3.493928711320015701e-01
3.492560689115113415e-01
3.491193737769080485e-01
3.493740219092331678e-01
3.492373875635510494e-01
3.491008600469116541e-01
3.493552168815943770e-01
3.496093750000000000e-01
3.498633346349082629e-01
3.497267759562841527e-01
3.495903238392508716e-01
3.494539781591263772e-01
3.493177387914230270e-01
3.495713172252533085e-01
3.494351382937280759e-01
3.492990654205607726e-01
3.491630984818995809e-01
3.490272373540855844e-01
3.492804356281602463e-01
3.491446345256609685e-01
3.493975903614457978e-01
3.496503496503496344e-01
3.495145631067961278e-01
3.493788819875776608e-01
3.492433061699650731e-01
3.491078355314197190e-01
3.493602171384257438e-01
3.496124031007751820e-01
3.494769469197985257e-01
3.493415956622772933e-01
3.492063492063491870e-01
3.490712074303405354e-01
3.489361702127659615e-01
3.488012374323279374e-01
3.490529570931580894e-01
3.489180834621329330e-01
3.487833140208574934e-01
3.486486486486486402e-01
3.489000385951370187e-01
3.487654320987654266e-01
3.486309294253759905e-01
3.488820354664610712e-01
3.487475915221580069e-01
3.486132511556240265e-01
3.488640739314593509e-01
3.487297921478060281e-01
3.485956136975759678e-01
3.484615384615384892e-01
3.483275663206459316e-01
3.485780169100691772e-01
3.488282750672301313e-01
3.486943164362519276e-01
3.485604606525911642e-01
3.488104374520337725e-01
3.486766398158803182e-01
3.485429447852760876e-01
3.487926408585664828e-01
3.486590038314176243e-01
3.489084641899655170e-01
3.487748851454823829e-01
3.486414083429008604e-01
3.485080336648814225e-01
3.483747609942638435e-01
3.482415902140672537e-01
3.481085212074894741e-01
3.483575248281130521e-01
3.482245131729667653e-01
3.480916030534351169e-01
3.483403281190385337e-01
3.482074752097635284e-01
3.484559664506290400e-01
3.483231707317073211e-01
3.481904761904762169e-01
3.480578827113480767e-01
3.479253901789113312e-01
3.477929984779299932e-01
3.476607074933434904e-01
3.475285171102661663e-01
3.477765108323831456e-01
3.476443768996960726e-01
3.475123433345992940e-01
3.473804100227790292e-01
3.472485768500948589e-01
3.471168437025796694e-01
3.469852104664391534e-01
3.468536770280515324e-01
3.467222432739673899e-01
3.469696969696969835e-01
3.468383188186293098e-01
3.467070401211203579e-01
3.465758607642830391e-01
3.468229954614220900e-01
3.466918714555765613e-01
3.469387755102040782e-01
3.468077068379297190e-01
3.466767371601208736e-01
3.469233673084182734e-01
3.467924528301886689e-01
3.466616371180686329e-01
3.465309200603318152e-01
3.464003015454202861e-01
3.462697814619442593e-01
3.461393596986817589e-01
3.460090361445782858e-01
3.462551750094091108e-01
3.461249059443190501e-01
3.459947348627303576e-01
3.458646616541353191e-01
3.457346862081924210e-01
3.456048084147257948e-01
3.454750281637251064e-01
3.453453453453453337e-01
3.452157598499062119e-01
3.450862715678919557e-01
3.449568803899512592e-01
3.448275862068965747e-01
3.446983889097040010e-01
3.449438202247190888e-01
3.448146761512542180e-01
3.446856287425149601e-01
3.445566778900112093e-01
3.444278234854151188e-01
3.442990654205607681e-01
3.441704035874439405e-01
3.440418378782219011e-01
3.439133681852128421e-01
3.437849944008958825e-01
3.436567164179104572e-01
3.435285341290563177e-01
3.434004474272930874e-01
3.432724562057398177e-01
3.431445603576750991e-01
3.430167597765363396e-01
3.428890543559195980e-01
3.427614439895794729e-01
3.430059523809523836e-01
3.428783934548159107e-01
3.427509293680297553e-01
3.426235600148643812e-01
3.424962852897474042e-01
3.423691050872632591e-01
3.422420193021529222e-01
3.421150278293135227e-01
3.419881305637982316e-01
3.418613274008157066e-01
3.421052631578947456e-01
3.419785105594664865e-01
3.418518518518518512e-01
3.417252869307663699e-01
3.415988156920799490e-01
3.414724380318164831e-01
3.413461538461538547e-01
3.412199630314232679e-01
3.414634146341463672e-01
3.413372737347617480e-01
3.412112259970457862e-01
3.410852713178294526e-01
3.409594095940959302e-01
3.412025082995204794e-01
3.410766961651917617e-01
3.409509767784740242e-01
3.408253500368459976e-01
3.410681399631675936e-01
3.409425625920471381e-01
3.408170776591828988e-01
3.406916850625459903e-01
3.405663847002574629e-01
3.404411764705882470e-01
3.403160602719588201e-01
3.401910360029390401e-01
3.400661035622475348e-01
3.403083700440528436e-01
3.401834862385321179e-01
3.400586940572267181e-01
3.399339933993399399e-01
3.398093841642228496e-01
3.396848662513741179e-01
3.399267399267399403e-01
3.398022702306847109e-01
3.396778916544656024e-01
3.399195023783388447e-01
3.397951719092904277e-01
3.396709323583180784e-01
3.395467836257309857e-01
3.394227256119839442e-01
3.396639883126369441e-01
3.395399780941949497e-01
3.394160583941605580e-01
3.392922291134622403e-01
3.391684901531728524e-01
3.390448414145096345e-01
3.389212827988338228e-01
3.387978142076502608e-01
3.386744355426074549e-01
3.385511467054969081e-01
3.387918486171761501e-01
3.386686067660967803e-01
3.385454545454545383e-01
3.387858960378044570e-01
3.386627906976744096e-01
3.385397747911369493e-01
3.384168482207697837e-01
3.382940108892921738e-01
3.381712626995646009e-01
3.380486035545883228e-01
3.379260333575054287e-01
3.378035520115983958e-01
3.380434782608695565e-01
3.379210431003259463e-01
3.381607530774801140e-01
3.380383640969960024e-01
3.379160636758321012e-01
3.377938517179023270e-01
3.376717281272595961e-01
3.375496928080954362e-01
3.374277456647398754e-01
3.373058866016612756e-01
3.371841155234657217e-01
3.370624323348971330e-01
3.369408369408369297e-01
3.368193292463036448e-01
3.366979091564527571e-01
3.365765765765765805e-01
3.364553314121037642e-01
3.363341735685991818e-01
3.362131029517638758e-01
3.364519611370996865e-01
3.363309352517985795e-01
3.362099964041711520e-01
3.364485981308411033e-01
3.363277039166367444e-01
3.362068965517241437e-01
3.360861759425493589e-01
3.359655419956927291e-01
3.358449946178686529e-01
3.357245337159254217e-01
3.356041591968447202e-01
3.354838709677419595e-01
3.353636689358652778e-01
3.356017191977077596e-01
3.354815610454708330e-01
3.353614889047960013e-01
3.352415026833631684e-01
3.351216022889842439e-01
3.350017876296031427e-01
3.348820586132952304e-01
3.347624151482672117e-01
3.350000000000000200e-01
3.348803998571938667e-01
3.351177730192719251e-01
3.349982161969318750e-01
3.352353780313837572e-01
3.351158645276292591e-01
3.349964362081254698e-01
3.348770929818311592e-01
3.347578347578347713e-01
3.346386614453542019e-01
3.345195729537366325e-01
3.347563144788331391e-01
3.346372688477951551e-01
3.345183078563810919e-01
3.347547974413646044e-01
3.346358792184724873e-01
3.345170454545454697e-01
3.343982960596378895e-01
3.342796309439318714e-01
3.341610500177367715e-01
3.343971631205673867e-01
3.346331088266571996e-01
3.348688873139617495e-01
3.347502656748140293e-01
3.349858356940509929e-01
3.348672566371681536e-01
3.347487615003538752e-01
3.349840820657941087e-01
3.348656294200848538e-01
3.347472605160834447e-01
3.346289752650176696e-01
3.345107735782408831e-01
3.343926553672316171e-01
3.346276032474408968e-01
3.345095271700776474e-01
3.343915343915344063e-01
3.342736248236953256e-01
3.341557983785689023e-01
3.340380549682875344e-01
3.339203945051074096e-01
3.338028169014084501e-01
3.340373108060541996e-01
3.339197748064743343e-01
3.338023214913823367e-01
3.336849507735583642e-01
3.335676625659050876e-01
3.338018271257905956e-01
3.336845802599227029e-01
3.335674157303371024e-01
3.334503334503334249e-01
3.333333333333333148e-01
3.332164152928797085e-01
3.334502103786816107e-01
3.333333333333333148e-01
3.335669236159775619e-01
3.334500875656742358e-01
3.333333333333333148e-01
3.332166608330416335e-01
3.331000699790063191e-01
3.329835606855544028e-01
3.328671328671328755e-01
3.327507864383082992e-01
3.329839273235499775e-01
3.328676213761788127e-01
3.327513966480447061e-01
3.326352530541012431e-01
3.328681088625261575e-01
3.327520055807464128e-01
3.326359832635983338e-01
3.325200418264203650e-01
3.324041811846689676e-01
3.322884012539185083e-01
3.321727019498607048e-01
3.320570831883049023e-01
3.319415448851774642e-01
3.321739130434782639e-01
3.320584144645341018e-01
3.319429961765728021e-01
3.318276580958999245e-01
3.320597429663077471e-01
3.319444444444444309e-01
3.318292259632072416e-01
3.320610687022900742e-01
3.322927506070065817e-01
3.321775312066574393e-01
3.320623916811091814e-01
3.319473319473319473e-01
3.318323519224107843e-01
3.317174515235457033e-01
3.316026306680512348e-01
3.314878892733564286e-01
3.313732272570045212e-01
3.312586445366528243e-01
3.311441410300726140e-01
3.310297166551485759e-01
3.312607944732297027e-01
3.311464088397790273e-01
3.310321021746634451e-01
3.309178743961352920e-01
3.308037254225594803e-01
3.306896551724137767e-01
3.305756635642881913e-01
3.304617505168849223e-01
3.303479159490182449e-01
3.302341597796143446e-01
3.301204819277108182e-01
3.300068823124570061e-01
3.298933608531131600e-01
3.297799174690508872e-01
3.296665520797524840e-01
3.295532646048109915e-01
3.294400549639299181e-01
3.296703296703296648e-01
3.295571575695159794e-01
3.294440631434454314e-01
3.293310463121784104e-01
3.292181069958847739e-01
3.291052451148440139e-01
3.289924605894448129e-01
3.288797533401849882e-01
3.287671232876712146e-01
3.286545703526189688e-01
3.285420944558521406e-01
3.284296955183030886e-01
3.283173734610123073e-01
3.282051282051282048e-01
3.280929596719070473e-01
3.279808677827126817e-01
3.278688524590163689e-01
3.277569136223967283e-01
3.276450511945392385e-01
3.275332650972364590e-01
3.274215552523874750e-01
3.273099215819979535e-01
3.271983640081799760e-01
3.270868824531515950e-01
3.269754768392370559e-01
3.268641470888661860e-01
3.267528931245745616e-01
3.266417148690030636e-01
3.265306122448979331e-01
3.264195851751104938e-01
3.263086335825968742e-01
3.261977573904179528e-01
3.260869565217391353e-01
3.259762308998302438e-01
3.258655804480651841e-01
3.257550050899219451e-01
3.256445047489823774e-01
3.255340793489318596e-01
3.254237288135592987e-01
3.253134530667570190e-01
3.252032520325203180e-01
3.250931256349475218e-01
3.249830737982396522e-01
3.248730964467004823e-01
3.247631935047361473e-01
3.246533648968549235e-01
3.245436105476673383e-01
3.247718823927002174e-01
3.246621621621621490e-01
3.245525160418777366e-01
3.247805536799459603e-01
3.246709416132298465e-01
3.245614035087719396e-01
3.244519392917369349e-01
3.243425488873904472e-01
3.245702730030333716e-01
3.244609164420484970e-01
3.243516335466486988e-01
3.245791245791245783e-01
3.248064624705486181e-01
3.246971736204575798e-01
3.245879582912882810e-01
3.244788164088769356e-01
3.247058823529411775e-01
3.249327956989247479e-01
3.248236479677527599e-01
3.247145735392881205e-01
3.249412554548506415e-01
3.248322147651006575e-01
3.247232472324723118e-01
3.249496981891348280e-01
3.248407643312101745e-01
3.247319034852547137e-01
3.246231155778894206e-01
3.245144005358339134e-01
3.244057582859055655e-01
3.242971887550200605e-01
3.241886918701907261e-01
3.244147157190635511e-01
3.246405884319625290e-01
3.245320855614973188e-01
3.244236551954560732e-01
3.243152972611890172e-01
3.242070116861435758e-01
3.240987983978638187e-01
3.239906573239906828e-01
3.238825883922615279e-01
3.237745915305101918e-01
3.240000000000000102e-01
3.238920359880039790e-01
3.237841439040639591e-01
3.236763236763236518e-01
3.235685752330226261e-01
3.234608985024958194e-01
3.233532934131736480e-01
3.235783172597272994e-01
3.238031914893617080e-01
3.236955799268860234e-01
3.239202657807309094e-01
3.238126868150116300e-01
3.237051792828685159e-01
3.235977431131762394e-01
3.234903782349037860e-01
3.233830845771144546e-01
3.232758620689655249e-01
3.231687106397083120e-01
3.230616302186878896e-01
3.229546207353428122e-01
3.228476821192052815e-01
3.227408142999007024e-01
3.226340172071475720e-01
3.225272907707575354e-01
3.224206349206349409e-01
3.223140495867768407e-01
3.222075346992729905e-01
3.221010901883052391e-01
3.219947159841479722e-01
3.218884120171673913e-01
3.217821782178217904e-01
3.216760145166611684e-01
3.215699208443271728e-01
3.214638971315529337e-01
3.213579433091628412e-01
3.212520593080724907e-01
3.211462450592885154e-01
3.210405004939084761e-01
3.209348255431204722e-01
3.208292201382033637e-01
3.207236842105263275e-01
3.206182176915488569e-01
3.205128205128205399e-01
3.204074926059809481e-01
3.203022339027595256e-01
3.201970443349753670e-01
3.204202232435981457e-01
3.203150639973744718e-01
3.205380577427821565e-01
3.204329288291243305e-01
3.203278688524590079e-01
3.205506391347099360e-01
3.204456094364351304e-01
3.203406485424172834e-01
3.202357563850687372e-01
3.201309328968903190e-01
3.200261780104712295e-01
3.199214916584887103e-01
3.198168737737083211e-01
3.197123242889833294e-01
3.196078431372548767e-01
3.195034302515517566e-01
3.193990855649901928e-01
3.192948090107737280e-01
3.191906005221932241e-01
3.190864600326264178e-01
3.189823874755381428e-01
3.188783827844799412e-01
3.187744458930899527e-01
3.186705767350928586e-01
3.188925081433224840e-01
3.191142950179094995e-01
3.190104166666666852e-01
3.192320208265538306e-01
3.191281717631750392e-01
3.190243902439024448e-01
3.189206762028608533e-01
3.188170295742606686e-01
3.187134502923976709e-01
3.186099382916531275e-01
3.185064935064935154e-01
3.187276858162934046e-01
3.186242699545749346e-01
3.188452805708725246e-01
3.190661478599221557e-01
3.189627228525121483e-01
3.188593648736228192e-01
3.187560738581146635e-01
3.186528497409326643e-01
3.185496924571058486e-01
3.184466019417475646e-01
3.183435781300549827e-01
3.185640362225097277e-01
3.184610410604590824e-01
3.183581124757595138e-01
3.182552504038771990e-01
3.181524547803617486e-01
3.180497255408459845e-01
3.179470626210458284e-01
3.181671506937721605e-01
3.183870967741935232e-01
3.182844243792324890e-01
3.181818181818181768e-01
3.184015468901063572e-01
3.182989690721649279e-01
3.181964573268921126e-01
3.180940115904700716e-01
3.179916317991631769e-01
3.178893178893179017e-01
3.177870697973624869e-01
3.176848874598070527e-01
3.175827708132433203e-01
3.174807197943444459e-01
3.173787343398650762e-01
3.172768143866409596e-01
3.171749598715891127e-01
3.170731707317073211e-01
3.169714469040744165e-01
3.168697883258498882e-01
3.167681949342738279e-01
3.166666666666666519e-01
3.165652034604293230e-01
3.164638052530429069e-01
3.163624719820685161e-01
3.162612035851472547e-01
3.161599999999999966e-01
3.163787587971849113e-01
3.162775823472977477e-01
3.161764705882352811e-01
3.160754234579737920e-01
3.159744408945686645e-01
3.158735228361546077e-01
3.157726692209451014e-01
3.156718799872326731e-01
3.155711550733886206e-01
3.154704944178628456e-01
3.153698979591836871e-01
3.152693656359579211e-01
3.151688973868705945e-01
3.150684931506849140e-01
3.149681528662420238e-01
3.151862464183380896e-01
3.150859325270528588e-01
3.149856824689786783e-01
3.148854961832061039e-01
3.147853736089030185e-01
3.146853146853146876e-01
3.145853193517635926e-01
3.144853875476493199e-01
3.143855192124483944e-01
3.142857142857142794e-01
3.141859727070770991e-01
3.140862944162436388e-01
3.139866793529971223e-01
3.138871274571972125e-01
3.137876386687797337e-01
3.136882129277566711e-01
3.135888501742160051e-01
3.134895503483217105e-01
3.133903133903133686e-01
3.132911392405063333e-01
3.131920278392913426e-01
3.130929791271347407e-01
3.129939930445779228e-01
3.132111251580277922e-01
3.131121642969983965e-01
3.130132659507264825e-01
3.129144300599936979e-01
3.128156565656565746e-01
3.127169454086462519e-01
3.126182965299684757e-01
3.125197098707032661e-01
3.124211853720050280e-01
3.123227229751024403e-01
3.122243226212980671e-01
3.121259842519685246e-01
3.120277078085642586e-01
3.119294932326093783e-01
3.118313404657017118e-01
3.117332494495124173e-01
3.116352201257861498e-01
3.115372524363407836e-01
3.114393463230672454e-01
3.113415017279296260e-01
3.112437185929648464e-01
3.111459968602825477e-01
3.110483364720653121e-01
3.109507373705679423e-01
3.108531994981179603e-01
3.107557227971151081e-01
3.106583072100313481e-01
3.108743340645565567e-01
3.107769423558897071e-01
3.106796116504854099e-01
3.105823418910457212e-01
3.104851330203443061e-01
3.103879849812265501e-01
